COMMON_NAME,SECONDARY_NAME,OTHER_NAMES,CATEGORY,OCCUPANCY,CORPORATION,POPULATION_ESTIMATE,LOCAL_GOVERNMENT_AUTHORITY,LOCALITY,REGIONAL_DEVELOPMENT_COMMISSION,ABS_REMOTENESS_2011,Australian Indigenious Language nfd,Arnhem Land and Daly River Region Languages,Yolngu Matha,Cape York Peninsula Languages,Torres Strait Island Languages,Northern Desert Fringe Area Languages,Arandic,Western Desert Languages,Kimberley Area Languages,Other Australian Indigenous Languages,Proportion 1,Proportion 2,Proportion 3,Proportion 4,Proportion 5,Proportion 6,Proportion 7,Proportion 8,Proportion 9,Proportion 10
Mount Margaret,Aboriginal Movement For Outback Survival,"Amos, Mt Margaret, Mt Margaret Mission",Remote Aboriginal Community,Permanent,Aboriginal Movement for Outback Survival Aboriginal Corporation,100,Laverton,Laverton,Goldfields - Esperance,Very Remote,0,0,0,0,0,0,0,100,0,0,0%,0%,0%,0%,0%,0%,0%,100%,0%,0%
Gnardumunn,Goombaragin,,Remote Aboriginal Community,Permanent,Goombaragin Aboriginal Corporation,7,Broome,Dampier Peninsula,Kimberley,Very Remote,0,0,0,0,0,0,0,0,7,0,0%,0%,0%,0%,0%,0%,0%,0%,100%,0%
Alligator Hole,,,Remote Aboriginal Community,Permanent,Alligator Hole Aboriginal Corporation,33,Wyndham-East Kimberley,Lake Argyle,Kimberley,Very Remote,0,0,0,0,0,0,0,0,33,0,0%,0%,0%,0%,0%,0%,0%,0%,100%,0%
Balginjirr,Lower Liveringa,,Remote Aboriginal Community,Permanent,Balginjirr Aboriginal Corporation,21,Derby-West Kimberley,Camballin,Kimberley,Very Remote,0,0,0,0,0,0,0,0,0,21,0%,0%,0%,0%,0%,0%,0%,0%,0%,100%
Buniol,,Baniol,Remote Aboriginal Community,Seasonal,None,0,Broome,Dampier Peninsula,Kimberley,Very Remote,0,0,0,0,0,0,0,0,0,0,#DIV/0!,#DIV/0!,#DIV/0!,#DIV/0!,#DIV/0!,#DIV/0!,#DIV/0!,#DIV/0!,#DIV/0!,#DIV/0!
Ardyaloon,One Arm Point,Bardi,Remote Aboriginal Community,Permanent,ARDYALOON INC,365,Broome,Dampier Peninsula,Kimberley,Very Remote,18,0,4,0,0,0,0,0,153,14,5%,0%,1%,0%,0%,0%,0%,0%,42%,4%
Barrel Well,Ajana,Barrel Wells,Remote Aboriginal Community,Permanent,Barrel Well Community Nanda Aboriginal  Corporation,27,Northampton,Ajana,Mid West,Remote,0,0,0,0,0,0,0,27,0,0,0%,0%,0%,0%,0%,0%,0%,100%,0%,0%
Baulu Wah,Violet Valley,Baula Wah,Remote Aboriginal Community,Permanent,Baulu-Wah Aboriginal Corp,8,Halls Creek,Ord River,Kimberley,Very Remote,0,0,0,0,0,8,0,0,0,0,0%,0%,0%,0%,0%,100%,0%,0%,0%,0%
Bawoorrooga,,"Bawooorroga, Bawooorrooga",Remote Aboriginal Community,Permanent,Bawoorrooga Community Inc.,11,Halls Creek,Mueller Ranges,Kimberley,Very Remote,0,0,0,0,0,11,0,0,0,0,0%,0%,0%,0%,0%,100%,0%,0%,0%,0%
Bayulu,Go Go Station,,Remote Aboriginal Community,Permanent,Bayulu Community Inc,322,Derby-West Kimberley,St George Ranges,Kimberley,Very Remote,36,0,0,0,0,7,0,0,0,238,11%,0%,0%,0%,0%,2%,0%,0%,0%,74%
Beagle Bay,,Beagle Bay Mission,Remote Aboriginal Community,Permanent,None,348,Broome,Dampier Peninsula,Kimberley,Very Remote,16,0,0,0,0,0,0,0,0,0,5%,0%,0%,0%,0%,0%,0%,0%,0%,0%
Bells Point,Weedong,,Remote Aboriginal Community,Permanent,Bells Point Aboriginal Corporation,2,Broome,Dampier Peninsula,Kimberley,Very Remote,0,0,0,0,0,0,0,0,2,0,0%,0%,0%,0%,0%,0%,0%,0%,100%,0%
Bell Springs,,,Remote Aboriginal Community,Permanent,Bell Springs Aboriginal Corporation,22,Wyndham-East Kimberley,Lake Argyle,Kimberley,Very Remote,0,0,0,0,0,0,0,0,22,0,0%,0%,0%,0%,0%,0%,0%,0%,100%,0%
Bidijul,,,Remote Aboriginal Community,Permanent,Bidijul Aboriginal Corporation,15,Derby-West Kimberley,St George Ranges,Kimberley,Very Remote,0,0,0,0,0,0,0,0,0,15,0%,0%,0%,0%,0%,0%,0%,0%,0%,100%
Bidyadanga,La Grange Mission,La Grange,Remote Aboriginal Community,Permanent,Bidyadanga Aboriginal Community (La Grange) Inc,617,Broome,Lagrange,Kimberley,Very Remote,0,0,0,0,0,18,0,25,0,149,0%,0%,0%,0%,0%,3%,0%,4%,0%,24%
Bilgungurr,Broome Airport Reserve,Billgungurr,Town Based Community or Reserve,Permanent,Bilgungurr Aboriginal Corporation,138,Broome,Djugun,Kimberley,Remote,0,0,0,0,0,0,0,0,138,0,0%,0%,0%,0%,0%,0%,0%,0%,100%,0%
Red Creek,Biljing Biljing Bingarr,Biljing Bilging Bingar,Remote Aboriginal Community,Permanent,Biljing Biljing (Red Creek) Aboriginal Corporation,13,Wyndham-East Kimberley,Lake Argyle,Kimberley,Very Remote,0,0,0,0,0,0,0,0,13,0,0%,0%,0%,0%,0%,0%,0%,0%,100%,0%
Billard,,,Remote Aboriginal Community,Permanent,Billard Aboriginal Corporation,72,Broome,Dampier Peninsula,Kimberley,Very Remote,0,0,0,0,0,0,0,0,72,0,0%,0%,0%,0%,0%,0%,0%,0%,100%,0%
Bindi Bindi,Onslow Town Reserve,Bindibindi,Town Based Community or Reserve,Permanent,Bindibindi Community Aboriginal Corporation,120,Ashburton,Onslow,Pilbara,Very Remote,15,0,0,0,0,0,0,0,0,3,13%,0%,0%,0%,0%,0%,0%,0%,0%,3%
Bindurrk,,,Remote Aboriginal Community,Permanent,Bindunj Aboriginal Corporation,8,Broome,Dampier Peninsula,Kimberley,Very Remote,0,0,0,0,0,0,0,0,8,0,0%,0%,0%,0%,0%,0%,0%,0%,100%,0%
Biridu,Leopold Downs Station,,Remote Aboriginal Community,Permanent,Biridu Association Incorporated,30,Derby-West Kimberley,King Leopold Ranges,Kimberley,Very Remote,0,0,0,0,0,0,0,0,0,30,0%,0%,0%,0%,0%,0%,0%,0%,0%,100%
Birndirri,Old Lamboo,,Remote Aboriginal Community,Permanent,Ngunjiwirri Aboriginal Corporation,4,Halls Creek,Mueller Ranges,Kimberley,Very Remote,0,0,0,0,0,4,0,0,0,0,0%,0%,0%,0%,0%,100%,0%,0%,0%,0%
Bobieding,Bernards Well,Bobeiding,Remote Aboriginal Community,Permanent,Bobieding Aboriginal Corporation,16,Broome,Dampier Peninsula,Kimberley,Very Remote,0,0,0,0,0,0,0,0,16,0,0%,0%,0%,0%,0%,0%,0%,0%,100%,0%
Bondini,Bondini Reserve,,Town Based Community or Reserve,Permanent,Marruwayura Aboriginal Corporation - In Liquidation,75,Wiluna,Wiluna,Mid West,Very Remote,0,0,0,0,0,0,0,60,0,0,0%,0%,0%,0%,0%,0%,0%,80%,0%,0%
Brubrunganjal,Kitty Wells,"Brubrunajal, Brubrungangal, Kitty Well",Remote Aboriginal Community,Permanent,Brubrunganjal Aboriginal Corporation,19,Broome,Lagrange,Kimberley,Very Remote,0,0,0,0,0,0,0,0,19,0,0%,0%,0%,0%,0%,0%,0%,0%,100%,0%
Budgarjook,Red Soil,,Remote Aboriginal Community,Permanent,Budgarjook Aboriginal Corporation,20,Broome,Dampier Peninsula,Kimberley,Very Remote,0,0,0,0,0,0,0,0,20,0,0%,0%,0%,0%,0%,0%,0%,0%,100%,0%
Bulgin,,Bulgun,Remote Aboriginal Community,Permanent,Bulanjarr Aboriginal Corporation,7,Broome,Dampier Peninsula,Kimberley,Very Remote,0,0,0,0,0,0,0,0,7,0,0%,0%,0%,0%,0%,0%,0%,0%,100%,0%
Burawa,,,Town Based Community or Reserve,Permanent,Burawa Inc.,28,Derby-West Kimberley,Fitzroy Crossing,Kimberley,Very Remote,0,0,0,0,0,0,0,0,0,28,0%,0%,0%,0%,0%,0%,0%,0%,0%,100%
Burringurrah,Mount James Station,Mt James,Remote Aboriginal Community,Permanent,BURRINGURRAH COMMUNITY ABORIGINAL CORPORATION,143,Upper Gascoyne,Gascoyne River,Gascoyne,Very Remote,0,0,0,0,0,0,0,0,0,12,0%,0%,0%,0%,0%,0%,0%,0%,0%,8%
Burrguk,Banana Wells,,Remote Aboriginal Community,Permanent,Burrguk Aboriginal Corporation,5,Broome,Dampier Peninsula,Kimberley,Very Remote,0,0,0,0,0,0,0,0,5,0,0%,0%,0%,0%,0%,0%,0%,0%,100%,0%
Buttah Windee,Gidgee Gully,,Remote Aboriginal Community,Permanent,Buttah Windee Aboriginal Corp,30,Meekatharra,Meekatharra,Mid West,Very Remote,17,0,0,0,0,0,0,0,0,7,57%,0%,0%,0%,0%,0%,0%,0%,0%,23%
Carnot Springs,,,Remote Aboriginal Community,Permanent,Carnot Springs Aboriginal Corp,2,Broome,Dampier Peninsula,Kimberley,Very Remote,0,0,0,0,0,0,0,0,2,0,0%,0%,0%,0%,0%,0%,0%,0%,100%,0%
Weymul,Chirritta Station,Cheratta,Remote Aboriginal Community,Permanent,Weymul Aboriginal Corporation,6,Roebourne,Maitland,Pilbara,Very Remote,0,0,0,0,0,0,0,6,0,0,0%,0%,0%,0%,0%,0%,0%,100%,0%,0%
Chile Creek,Jilirr,Jilere,Remote Aboriginal Community,Permanent,Chile Creek Aboriginal Corporation,4,Broome,Dampier Peninsula,Kimberley,Very Remote,0,0,0,0,0,0,0,0,4,0,0%,0%,0%,0%,0%,0%,0%,0%,100%,0%
Ngunulum,Cockatoo Springs,,Remote Aboriginal Community,Permanent,Ngunulum Aboriginal Corporation,30,Wyndham-East Kimberley,Lake Argyle,Kimberley,Very Remote,0,0,0,0,0,0,0,0,30,0,0%,0%,0%,0%,0%,0%,0%,0%,100%,0%
Cockatoo,,,Remote Aboriginal Community,Permanent,Cockatoo Aboriginal Corporation,5,Broome,Dampier Peninsula,Kimberley,Very Remote,0,0,0,0,0,0,0,0,5,0,0%,0%,0%,0%,0%,0%,0%,0%,100%,0%
Cosmo Newberry,Cosmo,Yilka,Remote Aboriginal Community,Permanent,Cosmo Newberry Aboriginal Corporation,58,Laverton,Cosmo Newbery,Goldfields - Esperance,Very Remote,5,0,0,0,0,0,0,39,0,0,9%,0%,0%,0%,0%,0%,0%,67%,0%,0%
Cullacabardee,,Cullacarbardee,Town Based Community or Reserve,Permanent,Cullacabardee Aboriginal Corporation,52,Swan,Cullacabardee,Perth,Major City,0,0,0,0,0,0,0,0,0,52,0%,0%,0%,0%,0%,0%,0%,0%,0%,100%
Coonana,Upurl-Upurlila Ngurratja,"Upurl Upurlila Ngurratja, Upurl Upurlila",Remote Aboriginal Community,Permanent,Upurl Upurlila Ngurratja Inc,5,Kalgoorlie-Boulder,Cundeelee,Goldfields - Esperance,Very Remote,0,0,0,0,0,0,0,5,0,0,0%,0%,0%,0%,0%,0%,0%,100%,0%,0%
Darlngunaya,Old Fitzroy,,Town Based Community or Reserve,Permanent,Darlngunaya Progress Inc.,10,Derby-West Kimberley,Fitzroy Crossing,Kimberley,Very Remote,0,0,0,0,0,0,0,0,0,10,0%,0%,0%,0%,0%,0%,0%,0%,0%,100%
Darlu Darlu,Nine Mile,"Darludarlu, Darlu-Darlu, 9 Mile",Remote Aboriginal Community,Permanent,Darludarlu Aboriginal Corporation,5,Halls Creek,Ord River,Kimberley,Very Remote,0,0,0,0,0,5,0,0,0,0,0%,0%,0%,0%,0%,100%,0%,0%,0%,0%
Dillon Springs,,,Remote Aboriginal Community,Permanent,Dillon Springs Aboriginal Corporation,6,Wyndham-East Kimberley,Durack,Kimberley,Very Remote,0,0,0,0,0,0,0,0,6,0,0%,0%,0%,0%,0%,0%,0%,0%,100%,0%
Djarindjin,,,Remote Aboriginal Community,Permanent,Djarindjin Aboriginal Corporation,202,Broome,Dampier Peninsula,Kimberley,Very Remote,4,0,0,0,5,0,0,0,110,17,2%,0%,0%,0%,2%,0%,0%,0%,54%,8%
Djaradjung,Cygnet Bay,Djarajung,Remote Aboriginal Community,Permanent,Djarajung Aboriginal Corporation,6,Broome,Dampier Peninsula,Kimberley,Very Remote,0,0,0,0,0,0,0,0,6,0,0%,0%,0%,0%,0%,0%,0%,0%,100%,0%
Djugerari,Cherrabun Station,"Cherrabun, Karriny Karriny",Remote Aboriginal Community,Permanent,Djugerari Aboriginal Corporation,58,Derby-West Kimberley,St George Ranges,Kimberley,Very Remote,0,0,0,0,0,0,0,0,0,43,0%,0%,0%,0%,0%,0%,0%,0%,0%,74%
Djulburr,Djulbard,,Remote Aboriginal Community,Permanent,Djulbard Community Aboriginal Corporation,2,Broome,Dampier Peninsula,Kimberley,Very Remote,0,0,0,0,0,0,0,0,2,0,0%,0%,0%,0%,0%,0%,0%,0%,100%,0%
Dodnun,Mount Elizabeth Station,Mt Elizabeth,Remote Aboriginal Community,Permanent,Dodnun Aboriginal Corporation,43,Wyndham-East Kimberley,Gibb,Kimberley,Very Remote,0,0,0,0,0,0,0,0,43,0,0%,0%,0%,0%,0%,0%,0%,0%,100%,0%
Joy Springs,Eight Mile,,Remote Aboriginal Community,Permanent,EIGHT MILE (ABORIGINAL CORPORATION),60,Derby-West Kimberley,St George Ranges,Kimberley,Very Remote,8,0,0,0,0,0,0,0,0,39,13%,0%,0%,0%,0%,0%,0%,0%,0%,65%
Gulgagulganeng,Emu Creek,Gulgagalganey,Remote Aboriginal Community,Permanent,Gulgagulganeng Aboriginal Corporation,16,Wyndham-East Kimberley,Kununurra,Kimberley,Very Remote,0,0,0,0,0,0,0,0,16,0,0%,0%,0%,0%,0%,0%,0%,0%,100%,0%
Fly Well,,Flywell,Remote Aboriginal Community,Permanent,Flywell Aboriginal Corporation,11,Halls Creek,Mueller Ranges,Kimberley,Very Remote,0,0,0,0,0,11,0,0,0,0,0%,0%,0%,0%,0%,100%,0%,0%,0%,0%
Four Mile,,4 Mile,Remote Aboriginal Community,Permanent,Four Mile Aboriginal Corporation,24,Wyndham-East Kimberley,Lake Argyle,Kimberley,Very Remote,0,0,0,0,0,0,0,0,24,0,0%,0%,0%,0%,0%,0%,0%,0%,100%,0%
Frazier Downs,,,Remote Aboriginal Community,Permanent,Karajarri Traditional Lands Association (Aboriginal Corporation),5,Broome,Lagrange,Kimberley,Very Remote,0,0,0,0,0,0,0,0,5,0,0%,0%,0%,0%,0%,0%,0%,0%,100%,0%
Gulberang,Eight Mile,"8 Mile, Galburring, Gulburung, Gulburang",Remote Aboriginal Community,Permanent,Galburring Aboriginal Corporation,9,Wyndham-East Kimberley,Lake Argyle,Kimberley,Very Remote,0,0,0,0,0,0,0,0,9,0,0%,0%,0%,0%,0%,0%,0%,0%,100%,0%
Galeru Gorge,Mount Pierre Station,"Mt Pierre, Luma Gorge",Remote Aboriginal Community,Permanent,GALERU GORGE ABORIGINAL CORPORATION,28,Halls Creek,Mueller Ranges,Kimberley,Very Remote,0,0,0,0,0,28,0,0,0,0,0%,0%,0%,0%,0%,100%,0%,0%,0%,0%
Galamanda,Galmarringarri,Galamunda,Remote Aboriginal Community,Permanent,Galmarringarri Aboriginal Corporation,20,Derby-West Kimberley,King Leopold Ranges,Kimberley,Very Remote,0,0,0,0,0,0,0,0,0,20,0%,0%,0%,0%,0%,0%,0%,0%,0%,100%
Ganinyi,,,Remote Aboriginal Community,Permanent,Ganinyi Aboriginal Corporation,25,Halls Creek,Mueller Ranges,Kimberley,Very Remote,0,0,0,0,0,25,0,0,0,0,0%,0%,0%,0%,0%,100%,0%,0%,0%,0%
Goolgaradah,,,Remote Aboriginal Community,Permanent,Goolgaradah Enterprise Aboriginal Corporation,4,Halls Creek,Mueller Ranges,Kimberley,Very Remote,0,0,0,0,0,4,0,0,0,0,0%,0%,0%,0%,0%,100%,0%,0%,0%,0%
Geboowama,Rocky Spring,Geboowana,Remote Aboriginal Community,Permanent,Geboowama Aboriginal Corporation,9,Wyndham-East Kimberley,Lake Argyle,Kimberley,Very Remote,0,0,0,0,0,0,0,0,9,0,0%,0%,0%,0%,0%,0%,0%,0%,100%,0%
Gilaroong,,"Gilarong, Gillarong",Remote Aboriginal Community,Permanent,Gilaroong Aboriginal Corp,40,Derby-West Kimberley,St George Ranges,Kimberley,Very Remote,0,0,0,0,0,0,0,0,0,40,0%,0%,0%,0%,0%,0%,0%,0%,0%,100%
Gilly Sharpe,,,Remote Aboriginal Community,Permanent,None,5,Derby-West Kimberley,St George Ranges,Kimberley,Very Remote,0,0,0,0,0,0,0,0,0,5,0%,0%,0%,0%,0%,0%,0%,0%,0%,100%
Gnylmarung,,Gnymarring,Remote Aboriginal Community,Permanent,GNYLMARUNG ABORIGINAL CORPORATION,15,Broome,Dampier Peninsula,Kimberley,Very Remote,0,0,0,0,0,0,0,0,15,0,0%,0%,0%,0%,0%,0%,0%,0%,100%,0%
Gooda Binya,Mirtunkarra,"Goodabinya, Murturakarra, Murturnkarra",Town Based Community or Reserve,Permanent,Mirtunkarra Aboriginal Corporation,21,East Pilbara,Marble Bar,Pilbara,Very Remote,9,0,0,0,0,0,0,0,0,4,43%,0%,0%,0%,0%,0%,0%,0%,0%,19%
Goolarrgon,Midaloon,Goolarrdgoon,Remote Aboriginal Community,Permanent,Goolarrgon Aboriginal Corporation,1,Broome,Dampier Peninsula,Kimberley,Very Remote,0,0,0,0,0,0,0,0,1,0,0%,0%,0%,0%,0%,0%,0%,0%,100%,0%
Goolarabooloo,Coconut Wells,Goolarabooloo Millibinyarri,Remote Aboriginal Community,Permanent,Goolarabooloo-Millibinyarri Aboriginal Corporation,27,Broome,Waterbank,Kimberley,Remote,0,0,0,0,0,0,0,0,27,0,0%,0%,0%,0%,0%,0%,0%,0%,100%,0%
Goojarr Goonyool,Goombaragin Two,Goombaragin,Remote Aboriginal Community,Permanent,Goojarr Goonyool Aboriginal Corporation,7,Broome,Dampier Peninsula,Kimberley,Very Remote,0,0,0,0,0,0,0,0,7,0,0%,0%,0%,0%,0%,0%,0%,0%,100%,0%
Goodarl,Fork Creek,Guyumbul Community,Remote Aboriginal Community,Seasonal,Goodarl Community Aboriginal Corporation,0,Wyndham-East Kimberley,Wyndham,Kimberley,Very Remote,0,0,0,0,0,0,0,0,0,0,#DIV/0!,#DIV/0!,#DIV/0!,#DIV/0!,#DIV/0!,#DIV/0!,#DIV/0!,#DIV/0!,#DIV/0!,#DIV/0!
Gubili,,Gubuli,Remote Aboriginal Community,Seasonal,None,0,Broome,Dampier Peninsula,Kimberley,Very Remote,0,0,0,0,0,0,0,0,0,0,#DIV/0!,#DIV/0!,#DIV/0!,#DIV/0!,#DIV/0!,#DIV/0!,#DIV/0!,#DIV/0!,#DIV/0!,#DIV/0!
Guda Guda,Nine Mile Camp,"9 Mile Reserve, Gooda Gooda",Remote Aboriginal Community,Permanent,Nine Mile Aboriginal Corporation,60,Wyndham-East Kimberley,Wyndham,Kimberley,Very Remote,0,0,0,0,0,0,0,0,60,0,0%,0%,0%,0%,0%,0%,0%,0%,100%,0%
Gudrum,,,Remote Aboriginal Community,Seasonal,Gubrun Aboriginal Corporation,0,Broome,Dampier Peninsula,Kimberley,Very Remote,0,0,0,0,0,0,0,0,0,0,#DIV/0!,#DIV/0!,#DIV/0!,#DIV/0!,#DIV/0!,#DIV/0!,#DIV/0!,#DIV/0!,#DIV/0!,#DIV/0!
Gudumul,,Gudumal,Remote Aboriginal Community,Seasonal,Gudumul Aboriginal Corporation,0,Broome,Dampier Peninsula,Kimberley,Very Remote,0,0,0,0,0,0,0,0,0,0,#DIV/0!,#DIV/0!,#DIV/0!,#DIV/0!,#DIV/0!,#DIV/0!,#DIV/0!,#DIV/0!,#DIV/0!,#DIV/0!
Goose Hill,Gulalluwa,"Gilaluwa, Goose Hill",Remote Aboriginal Community,Permanent,Gulalluwa Aboriginal Corporation,6,Wyndham-East Kimberley,Wyndham,Kimberley,Very Remote,0,0,0,0,0,0,0,0,6,0,0%,0%,0%,0%,0%,0%,0%,0%,100%,0%
Gulumonon,Goolamionon,Goolomonon,Remote Aboriginal Community,Permanent,Gulumonon Aboriginal Corporation,20,Broome,Dampier Peninsula,Kimberley,Very Remote,0,0,0,0,0,0,0,0,20,0,0%,0%,0%,0%,0%,0%,0%,0%,100%,0%
Gumbarnun,,"Gumbarmun, Gumbarnum, Goombarnun",Remote Aboriginal Community,Permanent,Gumbarnun Aboriginal Group Incorporated,15,Broome,Dampier Peninsula,Kimberley,Very Remote,0,0,0,0,0,0,0,0,15,0,0%,0%,0%,0%,0%,0%,0%,0%,100%,0%
Gunburr,,,Remote Aboriginal Community,Seasonal,GUNBURR ABORIGINAL CORPORATION,0,Broome,Dampier Peninsula,Kimberley,Very Remote,0,0,0,0,0,0,0,0,0,0,#DIV/0!,#DIV/0!,#DIV/0!,#DIV/0!,#DIV/0!,#DIV/0!,#DIV/0!,#DIV/0!,#DIV/0!,#DIV/0!
Gurrbalgun,Pender Bay,Gurrbalgun Urrma,Remote Aboriginal Community,Permanent,Gurrbalgun Aboriginal Corporation,17,Broome,Dampier Peninsula,Kimberley,Very Remote,0,0,0,0,0,0,0,0,17,0,0%,0%,0%,0%,0%,0%,0%,0%,100%,0%
Honeymoon Beach,French Family Group,,Remote Aboriginal Community,Permanent,French Family Aboriginal Corporation,17,Wyndham-East Kimberley,Drysdale River,Kimberley,Very Remote,0,0,0,0,0,0,0,0,17,0,0%,0%,0%,0%,0%,0%,0%,0%,100%,0%
Ilkurlka,,Ilkulka,Remote Aboriginal Community,Seasonal,Paupiyala Tjarutja Aboriginal Corporation,0,Laverton,Beadell,Goldfields - Esperance,Very Remote,0,0,0,0,0,0,0,0,0,0,#DIV/0!,#DIV/0!,#DIV/0!,#DIV/0!,#DIV/0!,#DIV/0!,#DIV/0!,#DIV/0!,#DIV/0!,#DIV/0!
Embalgun,,"Embulgun, Imbalgun, Imbulgun",Remote Aboriginal Community,Permanent,Embalgun Aboriginal Corporation,29,Broome,Dampier Peninsula,Kimberley,Very Remote,0,0,0,0,0,0,0,0,29,0,0%,0%,0%,0%,0%,0%,0%,0%,100%,0%
Imintji,,"Immintji,",Remote Aboriginal Community,Permanent,Imintji Aboriginal Corporation,45,Derby-West Kimberley,King Leopold Ranges,Kimberley,Very Remote,0,0,0,0,0,0,0,0,0,45,0%,0%,0%,0%,0%,0%,0%,0%,0%,100%
Innawonga,Bellary Springs,Bellary,Remote Aboriginal Community,Permanent,Innawonga Aboriginal Corporation,50,Ashburton,Rocklea,Pilbara,Very Remote,0,0,0,0,0,0,0,50,0,0,0%,0%,0%,0%,0%,0%,0%,100%,0%,0%
Irrungadji,Nullagine Town Reserve,Yirrankadji,Town Based Community or Reserve,Permanent,Irrungadji Group Association Inc.,86,East Pilbara,Nullagine,Pilbara,Very Remote,0,0,0,0,0,0,0,90,0,0,0%,0%,0%,0%,0%,0%,0%,105%,0%,0%
Irrunytju,Wingellina,Irrunuytju,Remote Aboriginal Community,Permanent,Irrunytju Community Incorporated,179,Ngaanyatjarraku,Ngaanyatjarra-Giles,Goldfields - Esperance,Very Remote,8,0,0,0,0,0,0,154,0,0,4%,0%,0%,0%,0%,0%,0%,86%,0%,0%
Jabir Jabir,Rock Hole,,Remote Aboriginal Community,Permanent,Jabir Jabir Aboriginal Corporation,6,Broome,Dampier Peninsula,Kimberley,Very Remote,0,0,0,0,0,0,0,0,6,0,0%,0%,0%,0%,0%,0%,0%,0%,100%,0%
Janterriji,Dolly Hole,Koomie,Remote Aboriginal Community,Permanent,Janterrji Aboriginal Corporation,6,Halls Creek,Ord River,Kimberley,Very Remote,0,0,0,0,0,6,0,0,0,0,0%,0%,0%,0%,0%,100%,0%,0%,0%,0%
Jilariya,,,Remote Aboriginal Community,Permanent,Jilariya Aboriginal Corporation,5,Halls Creek,Mueller Ranges,Kimberley,Very Remote,0,0,0,0,0,5,0,0,0,0,0%,0%,0%,0%,0%,100%,0%,0%,0%,0%
Jarlmadangah Burru,Mount Anderson Station,"Jarlmadanga, Jarlmadangah",Remote Aboriginal Community,Permanent,Jarlmadangah Burru Aboriginal Corporation,87,Derby-West Kimberley,Camballin,Kimberley,Very Remote,0,0,0,0,0,0,0,0,30,38,0%,0%,0%,0%,0%,0%,0%,0%,34%,44%
Mudjarrl,,,Remote Aboriginal Community,Permanent,Mudjarrl Aboriginal Corporation,5,Broome,Dampier Peninsula,Kimberley,Very Remote,0,0,0,0,0,0,0,0,5,0,0%,0%,0%,0%,0%,0%,0%,0%,100%,0%
Djibbinj,Jibing,,Remote Aboriginal Community,Permanent,DJIBBINJ ABORIGINAL CORPORATION,9,Broome,Dampier Peninsula,Kimberley,Very Remote,0,0,0,0,0,0,0,0,9,0,0%,0%,0%,0%,0%,0%,0%,0%,100%,0%
Jigalong,,,Remote Aboriginal Community,Permanent,JIGALONG COMMUNITY INCORPORATED,333,East Pilbara,Newman,Pilbara,Very Remote,0,0,0,0,0,0,0,270,0,0,0%,0%,0%,0%,0%,0%,0%,81%,0%,0%
Jimbalakudunj,Paradise Station,Jimbalkudung,Remote Aboriginal Community,Permanent,Jimbalakudunj Aboriginal Corporation,31,Derby-West Kimberley,Camballin,Kimberley,Very Remote,0,0,0,0,0,0,0,0,0,31,0%,0%,0%,0%,0%,0%,0%,0%,0%,100%
Jimbilum,,,Remote Aboriginal Community,Permanent,Jimbilum Aboriginal Corporation,12,Wyndham-East Kimberley,Kununurra,Kimberley,Very Remote,0,0,0,0,0,0,0,0,12,0,0%,0%,0%,0%,0%,0%,0%,0%,100%,0%
Julgnunn,,,Remote Aboriginal Community,Permanent,Julgnunn Aboriginal Corporation,8,Broome,Dampier Peninsula,Kimberley,Very Remote,0,0,0,0,0,0,0,0,8,0,0%,0%,0%,0%,0%,0%,0%,0%,100%,0%
Junjuwa,Bunuba,,Town Based Community or Reserve,Permanent,Junjuwa Community Inc,399,Derby-West Kimberley,Fitzroy Crossing,Kimberley,Very Remote,19,0,0,0,0,27,0,0,27,169,5%,0%,0%,0%,0%,7%,0%,0%,7%,42%
Juwurlinji,Bow River,"Bow River Station, Juwulinypany, Juwurlingi",Remote Aboriginal Community,Permanent,Juwulinypany Community Aboriginal Corporation,25,Wyndham-East Kimberley,Durack,Kimberley,Very Remote,0,0,0,0,0,0,0,0,25,0,0%,0%,0%,0%,0%,0%,0%,0%,100%,0%
Kadjina,Milijidee,"Millajiddee, Millijiddee",Remote Aboriginal Community,Permanent,Kadjina Community Incorporated,40,Derby-West Kimberley,St George Ranges,Kimberley,Very Remote,0,0,0,0,0,0,0,0,0,40,0%,0%,0%,0%,0%,0%,0%,0%,0%,100%
Kalungkurriji,Norton Bore,Kalunguji,Remote Aboriginal Community,Permanent,Kalungkurriji Aboriginal Corporation,23,Halls Creek,Ord River,Kimberley,Very Remote,0,0,0,0,0,23,0,0,0,0,0%,0%,0%,0%,0%,100%,0%,0%,0%,0%
Kalumburu,,,Remote Aboriginal Community,Permanent,Kalumburu Aboriginal Corporation,412,Wyndham-East Kimberley,Kalumburu,Kimberley,Very Remote,34,0,0,0,0,0,0,0,3,0,8%,0%,0%,0%,0%,0%,0%,0%,1%,0%
Kandiwal,Mitchell Falls,Mitchell Plateaux,Remote Aboriginal Community,Permanent,Kandiwal Aboriginal Corporation,25,Wyndham-East Kimberley,Mitchell Plateau,Kimberley,Very Remote,0,0,0,0,0,0,0,0,25,0,0%,0%,0%,0%,0%,0%,0%,0%,100%,0%
Karmulinunga,Derby Town Reserve,"Karmarlinunga, Karmilinunga",Town Based Community or Reserve,Permanent,Karmulinunga Aboriginal Corporation,45,Derby-West Kimberley,Derby,Kimberley,Very Remote,0,0,0,0,0,7,0,0,21,30,0%,0%,0%,0%,0%,16%,0%,0%,47%,67%
Karnparri,Melon Hole,"Karnparrmi, Three Mile",Remote Aboriginal Community,Permanent,Karnparri Aboriginal Corporation,9,Derby-West Kimberley,St George Ranges,Kimberley,Very Remote,0,0,0,0,0,0,0,0,0,9,0%,0%,0%,0%,0%,0%,0%,0%,0%,100%
Kartang Rija,Turner River,Kartang Riga,Remote Aboriginal Community,Permanent,Kartang Rija Aboriginal Corporation,5,Halls Creek,Ord River,Kimberley,Very Remote,0,0,0,0,0,5,0,0,0,0,0%,0%,0%,0%,0%,100%,0%,0%,0%,0%
Kearney Range,Warlatjunti,"Walajunti, Block Of Walajunti",Remote Aboriginal Community,Permanent,Warlatjunti Aboriginal Corporation,10,Halls Creek,Tanami,Kimberley,Very Remote,0,0,0,0,0,10,0,0,0,0,0%,0%,0%,0%,0%,100%,0%,0%,0%,0%
Kiwirrkurra,,,Remote Aboriginal Community,Permanent,Kiwirrkurra Council Aboriginal Corporation,165,East Pilbara,Gibson Desert North,Pilbara,Very Remote,50,0,0,0,0,0,0,101,0,0,30%,0%,0%,0%,0%,0%,0%,61%,0%,0%
Koorabye,Ngalapita,"Kalyeeda, Nalabidda, Koorrabye",Remote Aboriginal Community,Permanent,Koorrabay Aboriginal Corporation,45,Derby-West Kimberley,St George Ranges,Kimberley,Very Remote,0,0,0,0,0,3,0,0,0,36,0%,0%,0%,0%,0%,7%,0%,0%,0%,80%
Kupartiya,Bohemia Downs,"Bohemia Downs Station, Kapartiya",Remote Aboriginal Community,Permanent,Kupartiya (Aboriginal Corporation),25,Halls Creek,Mueller Ranges,Kimberley,Very Remote,0,0,0,0,0,25,0,0,0,0,0%,0%,0%,0%,0%,100%,0%,0%,0%,0%
Kupungarri,Mount Barnett,"Kupingarri, Mt Barnett",Remote Aboriginal Community,Permanent,Kupungarri Aboriginal Corporation,92,Derby-West Kimberley,King Leopold Ranges,Kimberley,Very Remote,3,0,0,0,0,0,0,0,0,31,3%,0%,0%,0%,0%,0%,0%,0%,0%,34%
Kurlku,,Kurku,Remote Aboriginal Community,Permanent,Kurlku (Aboriginal Corporation),10,Derby-West Kimberley,St George Ranges,Kimberley,Very Remote,0,0,0,0,0,0,0,0,0,10,0%,0%,0%,0%,0%,0%,0%,0%,0%,100%
Kurnangki,,Karnangki,Town Based Community or Reserve,Permanent,Kurnangki Aboriginal Corporation,108,Derby-West Kimberley,Fitzroy Crossing,Kimberley,Very Remote,0,0,0,0,0,0,0,0,0,108,0%,0%,0%,0%,0%,0%,0%,0%,0%,100%
Kurrawang,,"Kagc, Yamatji Ngura, Yamatjingura",Remote Aboriginal Community,Permanent,Kurrawang Aboriginal Christian Community Inc.,90,Coolgardie,Mount Burges,Goldfields - Esperance,Remote,0,0,0,0,0,0,0,20,0,0,0%,0%,0%,0%,0%,0%,0%,22%,0%,0%
Kutkabubba,Number Two,"Number 2, Kutkububba, Kukabubba",Remote Aboriginal Community,Permanent,Kukabubba Aboriginal Corporation,20,Wiluna,Wiluna,Mid West,Very Remote,0,0,0,0,0,0,0,18,0,0,0%,0%,0%,0%,0%,0%,0%,90%,0%,0%
La Djardarr Bay,,"La Djadarr Bay, Disaster Bay, Ladjadarr Bay",Remote Aboriginal Community,Permanent,LA DJARDARR BAY AC,27,Broome,Dampier Peninsula,Kimberley,Very Remote,0,0,0,0,0,0,0,0,27,0,0%,0%,0%,0%,0%,0%,0%,0%,100%,0%
Larinyuwar,Cone Bay,Yarloon,Remote Aboriginal Community,Permanent,Larinyuwar Aboriginal Corporation,30,Derby-West Kimberley,Kimbolton,Kimberley,Very Remote,0,0,0,0,0,0,0,0,0,30,0%,0%,0%,0%,0%,0%,0%,0%,0%,100%
Linga,,"Linga Valley, Skeen Family Group",Remote Aboriginal Community,Permanent,Skeen Family Group Linga Aboriginal Corporation,12,Halls Creek,Ord River,Kimberley,Very Remote,0,0,0,0,0,12,0,0,0,0,0%,0%,0%,0%,0%,100%,0%,0%,0%,0%
Lombadina,,Lombadina Mission,Remote Aboriginal Community,Permanent,Lombadina Aboriginal Corporation,41,Broome,Dampier Peninsula,Kimberley,Very Remote,0,0,0,0,0,0,0,0,41,0,0%,0%,0%,0%,0%,0%,0%,0%,100%,0%
Loumard,,,Remote Aboriginal Community,Seasonal,Loumard Collective Aboriginal Corporation,0,Broome,Dampier Peninsula,Kimberley,Very Remote,0,0,0,0,0,0,0,0,0,0,#DIV/0!,#DIV/0!,#DIV/0!,#DIV/0!,#DIV/0!,#DIV/0!,#DIV/0!,#DIV/0!,#DIV/0!,#DIV/0!
Luluigui,,,Remote Aboriginal Community,Seasonal,None,0,Derby-West Kimberley,Geegully Creek,Kimberley,Very Remote,0,0,0,0,0,0,0,0,0,0,#DIV/0!,#DIV/0!,#DIV/0!,#DIV/0!,#DIV/0!,#DIV/0!,#DIV/0!,#DIV/0!,#DIV/0!,#DIV/0!
Lumuku,Osmond Valley Station,Osmond Valley,Remote Aboriginal Community,Permanent,Lumuku Aboriginal Corporation,11,Halls Creek,Ord River,Kimberley,Very Remote,0,0,0,0,0,11,0,0,0,0,0%,0%,0%,0%,0%,100%,0%,0%,0%,0%
Koongie Park,Lamboo Gunian,Koongie Park Station,Remote Aboriginal Community,Permanent,Koongie Elvira Aboriginal Corporation,31,Halls Creek,Mueller Ranges,Kimberley,Very Remote,0,0,0,0,0,31,0,0,0,0,0%,0%,0%,0%,0%,100%,0%,0%,0%,0%
Lundja,Red Hill,,Town Based Community or Reserve,Permanent,Lundja Aboriginal Corporation,34,Halls Creek,Halls Creek,Kimberley,Very Remote,9,0,24,0,0,48,0,0,11,0,26%,0%,71%,0%,0%,141%,0%,0%,32%,0%
Mingalkala,,Mingkalkala,Remote Aboriginal Community,Permanent,Mingalkala Aboriginal Corporation,47,Halls Creek,Mueller Ranges,Kimberley,Remote,0,0,0,0,0,47,0,0,0,0,0%,0%,0%,0%,0%,100%,0%,0%,0%,0%
Mallingbar,Kennedy Hill,Mallingbarr,Town Based Community or Reserve,Permanent,MALLINGBARR ABORIGINAL CORP,6,Broome,Broome,Kimberley,Very Remote,0,0,0,0,0,0,0,0,6,0,0%,0%,0%,0%,0%,0%,0%,0%,100%,0%
Mandangala,Glen Hill,,Remote Aboriginal Community,Permanent,Mandangala Aboriginal Corporation,42,Wyndham-East Kimberley,Lake Argyle,Kimberley,Very Remote,0,0,0,0,0,0,0,0,42,0,0%,0%,0%,0%,0%,0%,0%,0%,100%,0%
Mantamaru,Jameson,Jamieson,Remote Aboriginal Community,Permanent,Mantamaru Community Incorporated,128,Ngaanyatjarraku,Ngaanyatjarra-Giles,Goldfields - Esperance,Very Remote,35,0,0,0,0,0,0,58,0,0,27%,0%,0%,0%,0%,0%,0%,45%,0%,0%
Mardiwah Loop,Thalgnarr Ngarriny,"Mardiwa Loop, Muddewah Loop",Town Based Community or Reserve,Permanent,THALNGARR NGARRINY ABORIGINAL CORPORATION,324,Halls Creek,Halls Creek,Kimberley,Very Remote,9,0,24,0,0,48,0,0,11,0,3%,0%,7%,0%,0%,15%,0%,0%,3%,0%
Marmion Village,Menzies Town Reserve,Menzies,Town Based Community or Reserve,Permanent,MENZIES ABORIGINAL CORPORATION,8,Menzies,Menzies,Goldfields - Esperance,Remote,2,0,0,0,0,0,0,6,0,0,25%,0%,0%,0%,0%,0%,0%,75%,0%,0%
Marta Marta,Deca Station,,Remote Aboriginal Community,Permanent,Marta Marta Aboriginal Corporation,10,Port Hedland,De Grey,Pilbara,Very Remote,0,0,0,0,0,0,0,10,0,0,0%,0%,0%,0%,0%,0%,0%,100%,0%,0%
Maddarr,Good Enough Bay,Maurraul,Remote Aboriginal Community,Permanent,Maddarr Aboriginal Corporation,12,Broome,Dampier Peninsula,Kimberley,Very Remote,0,0,0,0,0,0,0,0,12,0,0%,0%,0%,0%,0%,0%,0%,0%,100%,0%
Mcgowan Island,,Mcgowan,Remote Aboriginal Community,Permanent,Maraltadj Family Aboriginal Corporation,5,Wyndham-East Kimberley,Drysdale River,Kimberley,Very Remote,0,0,0,0,0,0,0,0,5,0,0%,0%,0%,0%,0%,0%,0%,0%,100%,0%
Mercedes Cove,,,Remote Aboriginal Community,Permanent,MERCEDES COVE ABORIGINAL CORPORATION,6,Broome,Dampier Peninsula,Kimberley,Very Remote,0,0,0,0,0,0,0,0,6,0,0%,0%,0%,0%,0%,0%,0%,0%,100%,0%
Milba,,,Remote Aboriginal Community,Permanent,Milba Community Aboriginal Corporation,5,Halls Creek,Ord River,Kimberley,Very Remote,0,0,0,0,0,5,0,0,0,0,0%,0%,0%,0%,0%,100%,0%,0%,0%,0%
Mimbi,,,Remote Aboriginal Community,Permanent,Mimbi Aboriginal Corp,17,Halls Creek,Mueller Ranges,Kimberley,Very Remote,0,0,0,0,0,17,0,0,0,0,0%,0%,0%,0%,0%,100%,0%,0%,0%,0%
Mingullatharndo,Five Mile,5 Mile,Remote Aboriginal Community,Permanent,Mingullatharndo Association,29,Roebourne,Roebourne,Pilbara,Very Remote,0,0,0,0,0,0,0,29,0,0,0%,0%,0%,0%,0%,0%,0%,100%,0%,0%
Billiluna,Mindibungu,"Billiluna Station, Kurrurungku, Mindi Bungu",Remote Aboriginal Community,Permanent,Mindibungu Aboriginal Corporation,150,Halls Creek,Sturt Creek,Kimberley,Very Remote,27,0,0,0,0,33,0,6,3,13,18%,0%,0%,0%,0%,22%,0%,4%,2%,9%
Miniata,,,Remote Aboriginal Community,Permanent,Miniata Aboriginal Corporation,8,Wyndham-East Kimberley,Kununurra,Kimberley,Very Remote,0,0,0,0,0,0,0,0,8,0,0%,0%,0%,0%,0%,0%,0%,0%,100%,0%
Mindi Rardi,Windmill Reserve,Top Reserve,Town Based Community or Reserve,Permanent,Mindi Mindi Aboriginal Corporation,79,Derby-West Kimberley,Fitzroy Crossing,Kimberley,Very Remote,12,0,0,0,0,42,0,8,3,89,15%,0%,0%,0%,0%,53%,0%,10%,4%,113%
Mirima,Wirrjining Darwung Council,"Mirima Wirrjining Dawrwang, Wirrjining",Town Based Community or Reserve,Permanent,Mirima Council Aboriginal Corporation,202,Wyndham-East Kimberley,Kununurra,Kimberley,Remote,35,4,0,0,0,14,0,0,54,0,17%,2%,0%,0%,0%,7%,0%,0%,27%,0%
Monbon,,,Remote Aboriginal Community,Permanent,Monbon Aboriginal Corporation,28,Broome,Dampier Peninsula,Kimberley,Very Remote,0,0,0,0,0,0,0,0,28,0,0%,0%,0%,0%,0%,0%,0%,0%,100%,0%
Moongardie,Cox Family Group,,Remote Aboriginal Community,Permanent,Moongardie Aboriginal Corporation,26,Halls Creek,Mueller Ranges,Kimberley,Very Remote,0,0,0,0,0,26,0,0,0,0,0%,0%,0%,0%,0%,100%,0%,0%,0%,0%
Morard,,Moord,Remote Aboriginal Community,Permanent,Morard Aboriginal Corporation,9,Broome,Dampier Peninsula,Kimberley,Very Remote,0,0,0,0,0,0,0,0,9,0,0%,0%,0%,0%,0%,0%,0%,0%,100%,0%
Mowla Bluff,Bulanjarr,"Bulinjarr, Bulungir, Bulunjarr Community, Koola Koola Burr",Remote Aboriginal Community,Permanent,Bulanjarr Aboriginal Corporation,6,Derby-West Kimberley,Geegully Creek,Kimberley,Very Remote,0,0,0,0,0,0,0,0,0,6,0%,0%,0%,0%,0%,0%,0%,0%,0%,100%
Mowanjum,,,Remote Aboriginal Community,Permanent,Mowanjum Aboriginal Corporation,312,Derby-West Kimberley,Derby,Kimberley,Very Remote,3,0,0,0,0,6,0,0,32,0,1%,0%,0%,0%,0%,2%,0%,0%,10%,0%
Mudnunn,Gulan,,Remote Aboriginal Community,Permanent,Mudnunn Aboriginal Corporation,8,Broome,Dampier Peninsula,Kimberley,Very Remote,0,0,0,0,0,0,0,0,8,0,0%,0%,0%,0%,0%,0%,0%,0%,100%,0%
Yandeyarra,Mugarinya,Yandeeyarra,Remote Aboriginal Community,Permanent,Mugarinya Community Association Inc.,126,Port Hedland,Marble Bar,Pilbara,Very Remote,0,0,0,0,0,0,0,0,0,81,0%,0%,0%,0%,0%,0%,0%,0%,0%,64%
Mulan,Lake Gregory Station,,Remote Aboriginal Community,Permanent,Mulan Aboriginal Corporation,110,Halls Creek,Sturt Creek,Kimberley,Very Remote,9,0,0,0,0,4,0,10,0,5,8%,0%,0%,0%,0%,4%,0%,9%,0%,5%
Mulga Queen,Nurra Kurramunoo,Nurra Kurramango,Remote Aboriginal Community,Permanent,Nurra Kurramunoo Aboriginal Corporation,45,Laverton,Bandya,Goldfields - Esperance,Very Remote,0,0,0,0,0,0,0,45,0,0,0%,0%,0%,0%,0%,0%,0%,100%,0%,0%
Muludja,Colin Yard,,Remote Aboriginal Community,Permanent,Muludja Aboriginal Corporation,163,Derby-West Kimberley,St George Ranges,Kimberley,Very Remote,14,0,0,0,0,4,0,0,30,97,9%,0%,0%,0%,0%,2%,0%,0%,18%,60%
Mungullah,Carnarvon Town Reserve,Mungullah Village,Town Based Community or Reserve,Permanent,MUNGULLAH COMMUNITY ABORIGINAL CORPORATION,186,Carnarvon,Greys Plain,Gascoyne,Remote,5,0,0,0,0,0,0,0,0,27,3%,0%,0%,0%,0%,0%,0%,0%,0%,15%
Munmarul,Milla Windi,,Remote Aboriginal Community,Permanent,Munmarul Aboriginal Corporation,14,Derby-West Kimberley,King Leopold Ranges,Kimberley,Very Remote,0,0,0,0,0,0,0,0,0,14,0%,0%,0%,0%,0%,0%,0%,0%,0%,100%
Munthanmar,,Munthamar,Remote Aboriginal Community,Permanent,Munthanmar Aboriginal Corporation,9,Wyndham-East Kimberley,Lake Argyle,Kimberley,Very Remote,0,0,0,0,0,0,0,0,9,0,0%,0%,0%,0%,0%,0%,0%,0%,100%,0%
Murphy Creek,,,Remote Aboriginal Community,Permanent,Murphy Creek Aboriginal Corporation,1,Broome,Dampier Peninsula,Kimberley,Very Remote,0,0,0,0,0,0,0,0,1,0,0%,0%,0%,0%,0%,0%,0%,0%,100%,0%
Nambi Village,Katampul,"Nambi Road Village, Katumpul, Nambi Road",Town Based Community or Reserve,Permanent,Katampul Aboriginal Corporation,40,Leonora,Leonora,Goldfields - Esperance,Very Remote,0,0,0,0,0,0,0,40,0,0,0%,0%,0%,0%,0%,0%,0%,100%,0%,0%
Neem,Midlagoon,Middlagoon,Remote Aboriginal Community,Permanent,NEEM ABORIGINAL CORPORATION,10,Broome,Dampier Peninsula,Kimberley,Very Remote,0,0,0,0,0,0,0,0,10,0,0%,0%,0%,0%,0%,0%,0%,0%,100%,0%
Ngallagunda,Gibb River,"Gibb River Station, Ngallangunda, Ngullagunda",Remote Aboriginal Community,Permanent,Ngalingkadji Aboriginal Corporation,75,Wyndham-East Kimberley,Gibb,Kimberley,Very Remote,0,0,0,0,0,0,0,0,75,0,0%,0%,0%,0%,0%,0%,0%,0%,100%,0%
Ngadalargin,,Ngadalugin,Remote Aboriginal Community,Permanent,NGADALARGIN AC,2,Broome,Dampier Peninsula,Kimberley,Very Remote,0,0,0,0,0,0,0,0,2,0,0%,0%,0%,0%,0%,0%,0%,0%,100%,0%
Ngalingkadji,Chestnut Bore,Ngalinkadji,Remote Aboriginal Community,Permanent,Ngalingkadji Aboriginal Corporation,42,Derby-West Kimberley,St George Ranges,Kimberley,Very Remote,0,0,0,0,0,0,0,0,0,42,0%,0%,0%,0%,0%,0%,0%,0%,0%,100%
Marunbabidi,Parap Parap,"Ngarinyn, Prap Prap",Remote Aboriginal Community,Seasonal,Ngarinyn Aboriginal Corp,0,Wyndham-East Kimberley,Prince Regent River,Kimberley,Very Remote,0,0,0,0,0,0,0,0,0,0,#DIV/0!,#DIV/0!,#DIV/0!,#DIV/0!,#DIV/0!,#DIV/0!,#DIV/0!,#DIV/0!,#DIV/0!,#DIV/0!
Jundaru,Peedamulla Station,"Jandaru, Ngalakura Pastoral Company, Ngalakura",Remote Aboriginal Community,Permanent,Jundaru Aboriginal Corporation,14,Ashburton,Peedamulla,Pilbara,Very Remote,0,0,0,0,0,0,0,14,0,0,0%,0%,0%,0%,0%,0%,0%,100%,0%,0%
Punju Njamal,Ngarla Costal Njamal,"Ngarla-Coastal Njamal, Punju Ngamal, Punju Ngarugudi Njamal, Punju Ngarugundi Njamal",Remote Aboriginal Community,Permanent,None,6,Port Hedland,Pippingarra,Pilbara,Very Remote,0,0,0,0,0,0,0,6,0,0,0%,0%,0%,0%,0%,0%,0%,100%,0%,0%
Lamboo Station,Ngunjiwirri,"Ngoonjuwah, Old Lamboo Station",Remote Aboriginal Community,Permanent,Ngunjiwirri Aboriginal Corporation,25,Halls Creek,Mueller Ranges,Kimberley,Very Remote,0,0,0,0,0,25,0,0,0,0,0%,0%,0%,0%,0%,100%,0%,0%,0%,0%
Ngurawaana,Millstream,,Remote Aboriginal Community,Permanent,Ngurawaana Group (Aboriginal Corporation),30,Ashburton,Fortescue,Pilbara,Very Remote,0,0,0,0,0,0,0,30,0,0,0%,0%,0%,0%,0%,0%,0%,100%,0%,0%
Ngumpan,Pinnacle Creek,Pinnacles,Remote Aboriginal Community,Permanent,Ngumpan Aboriginal Corporation,40,Derby-West Kimberley,Mueller Ranges,Kimberley,Very Remote,0,0,0,0,0,0,0,0,0,40,0%,0%,0%,0%,0%,0%,0%,0%,0%,100%
Ngurtuwarta,Alligator Hill,"Jubilee Downs, Ngurtawarta",Remote Aboriginal Community,Permanent,Ngurtuwarta Aboriginal Corporation,40,Derby-West Kimberley,Mount Hardman,Kimberley,Very Remote,0,0,0,0,0,0,0,0,0,40,0%,0%,0%,0%,0%,0%,0%,0%,0%,100%
Ngulwirriwirri,Four Mile Creek,Ngully,Remote Aboriginal Community,Seasonal,Ngulwirriwirri Aboriginal Corporation,0,Wyndham-East Kimberley,Lake Argyle,Kimberley,Very Remote,0,0,0,0,0,0,0,0,0,0,#DIV/0!,#DIV/0!,#DIV/0!,#DIV/0!,#DIV/0!,#DIV/0!,#DIV/0!,#DIV/0!,#DIV/0!,#DIV/0!
Nicholson Block,,"Nicholson Camp, Yumali Block",Town Based Community or Reserve,Permanent,Yumali Aboriginal Corporation,60,Halls Creek,Halls Creek,Kimberley,Very Remote,9,0,0,0,0,13,0,4,0,0,15%,0%,0%,0%,0%,22%,0%,7%,0%,0%
Nillygan,Shonelle Point,Nillygin,Remote Aboriginal Community,Permanent,NILLYGAN ABORIGINAL CORPORATION,14,Broome,Dampier Peninsula,Kimberley,Very Remote,0,0,0,0,0,0,0,0,14,0,0%,0%,0%,0%,0%,0%,0%,0%,100%,0%
Nillir Irbanjin,One Mile,"1 Mile, Nillirr Irbanjin, One Mile Reserve",Town Based Community or Reserve,Unoccupied,Nillirr Irbanjin Aboriginal Corporation,0,Broome,Djugun,Kimberley,Remote,0,0,0,0,0,0,0,0,0,0,#DIV/0!,#DIV/0!,#DIV/0!,#DIV/0!,#DIV/0!,#DIV/0!,#DIV/0!,#DIV/0!,#DIV/0!,#DIV/0!
Ningbingi,Nimbing,"Carleton Hill, Ningbing",Remote Aboriginal Community,Permanent,Ningbingi Ningguwung Aboriginal Corporation,30,Wyndham-East Kimberley,Cambridge Gulf,Kimberley,Very Remote,0,0,0,0,0,0,0,0,30,0,0%,0%,0%,0%,0%,0%,0%,0%,100%,0%
Ninga Mia Village,,"Ninga Mia, Ningia Mia",Town Based Community or Reserve,Permanent,Ninga Mia Village Aboriginal Corporation,56,Kalgoorlie-Boulder,Parkeston,Goldfields - Esperance,Outer Regional,0,0,0,0,0,0,0,23,0,0,0%,0%,0%,0%,0%,0%,0%,41%,0%,0%
Norman Creek,,,Remote Aboriginal Community,Permanent,NORMAN CREEK ABORIGINAL CORPORATION,9,Broome,Dampier Peninsula,Kimberley,Very Remote,0,0,0,0,0,0,0,0,9,0,0%,0%,0%,0%,0%,0%,0%,0%,100%,0%
Nudugun,,Nudagun,Remote Aboriginal Community,Permanent,Nudugun Aboriginal Corporation,8,Broome,Dampier Peninsula,Kimberley,Very Remote,0,0,0,0,0,0,0,0,8,0,0%,0%,0%,0%,0%,0%,0%,0%,100%,0%
Nulleywah,,"Nullywah, Ngaliwa, Ngaliwah, The Ranch",Town Based Community or Reserve,Permanent,Nulleywah Aboriginal Corporation,137,Wyndham-East Kimberley,Kununurra,Kimberley,Remote,0,0,0,0,0,0,0,0,137,0,0%,0%,0%,0%,0%,0%,0%,0%,100%,0%
Ngamakoon,,,Remote Aboriginal Community,Permanent,Ngamakoon Aboriginal Corporation,30,Broome,Dampier Peninsula,Kimberley,Very Remote,0,0,0,0,0,0,0,0,30,0,0%,0%,0%,0%,0%,0%,0%,0%,100%,0%
Nunju Yallet,,Nunju,Remote Aboriginal Community,Permanent,NUNJU ABORIGINAL CORPORATION,5,Broome,Dampier Peninsula,Kimberley,Very Remote,0,0,0,0,0,0,0,0,5,0,0%,0%,0%,0%,0%,0%,0%,0%,100%,0%
Nulla Nulla,,,Remote Aboriginal Community,Permanent,Nulla Nulla Aboriginal Corporation,20,Wyndham-East Kimberley,Oombulgurri,Kimberley,Very Remote,0,0,0,0,0,0,0,0,20,0,0%,0%,0%,0%,0%,0%,0%,0%,100%,0%
Nygah Nygah,,Nyah Nygah,Remote Aboriginal Community,Permanent,Nygah Nygah Garadjari Aboriginal Corporation,4,Broome,Lagrange,Kimberley,Very Remote,0,0,0,0,0,0,0,0,4,0,0%,0%,0%,0%,0%,0%,0%,0%,100%,0%
Jarlmadanka,Mount Anderson Station,"Jarlmadangah Burr, Mt Anderson, Nyigina, Nyigina Cattle Company",Remote Aboriginal Community,Permanent,Ngyginah Cattle Company Pty Ltd,7,Derby-West Kimberley,Camballin,Kimberley,Very Remote,0,0,0,0,0,0,0,0,0,7,0%,0%,0%,0%,0%,0%,0%,0%,0%,100%
Nyumwah,,Nymwah,Remote Aboriginal Community,Permanent,Nyumwah Aboriginal Corporation,10,Broome,Dampier Peninsula,Kimberley,Very Remote,0,0,0,0,0,0,0,0,10,0,0%,0%,0%,0%,0%,0%,0%,0%,100%,0%
Loongabid,,"Loongi, Lungabid",Remote Aboriginal Community,Permanent,LOONGABID ABORIGINAL INC,15,Broome,Dampier Peninsula,Kimberley,Very Remote,0,0,0,0,0,0,0,0,15,0,0%,0%,0%,0%,0%,0%,0%,0%,100%,0%
Pago,Waina Family,,Remote Aboriginal Community,Permanent,Waina Family Aboriginal Corporation,3,Wyndham-East Kimberley,Drysdale River,Kimberley,Very Remote,0,0,0,0,0,0,0,0,3,0,0%,0%,0%,0%,0%,0%,0%,0%,100%,0%
Papulankutja,Blackstone,,Remote Aboriginal Community,Permanent,Papulankutja Community Incorporated,176,Ngaanyatjarraku,Ngaanyatjarra-Giles,Goldfields - Esperance,Very Remote,4,0,0,0,0,0,0,135,0,0,2%,0%,0%,0%,0%,0%,0%,77%,0%,0%
Parnngurr,Cotton Creek,Parngurr,Remote Aboriginal Community,Permanent,Parnngurr Community School Aboriginal Corporation,153,East Pilbara,Telfer,Pilbara,Very Remote,0,0,0,0,0,0,0,98,0,0,0%,0%,0%,0%,0%,0%,0%,64%,0%,0%
Parukupan,Loanbung,"Parakupan, Parukpan",Town Based Community or Reserve,Permanent,Parukupan Aboriginal Corporation,26,Derby-West Kimberley,Fitzroy Crossing,Kimberley,Very Remote,0,0,0,0,0,0,0,0,0,26,0%,0%,0%,0%,0%,0%,0%,0%,0%,100%
Patch Up,,,Remote Aboriginal Community,Permanent,None,5,Halls Creek,Mueller Ranges,Kimberley,Very Remote,0,0,0,0,0,5,0,0,0,0,0%,0%,0%,0%,0%,100%,0%,0%,0%,0%
Patjarr,Karilywarra,,Remote Aboriginal Community,Permanent,Patjarr Aboriginal Corporation,41,Ngaanyatjarraku,Gibson Desert South,Goldfields - Esperance,Very Remote,0,0,0,0,0,0,0,41,0,0,0%,0%,0%,0%,0%,0%,0%,100%,0%,0%
Tjuntjuntjara,Paupiyala Tjarutja,"Tjuntjuntjarra, Spinifex",Remote Aboriginal Community,Permanent,Paupiyala Tjarutja Aboriginal Corporation,184,Menzies,Plumridge Lakes,Goldfields - Esperance,Very Remote,0,0,0,0,0,0,0,152,0,0,0%,0%,0%,0%,0%,0%,0%,83%,0%,0%
Mia Maya,Pender Gardens,Mayi Mia,Remote Aboriginal Community,Permanent,Pender Aboriginal Pastoral Community Aboriginal Corporation,2,Broome,Dampier Peninsula,Kimberley,Very Remote,0,0,0,0,0,0,0,0,2,0,0%,0%,0%,0%,0%,0%,0%,0%,100%,0%
Pia Wadjari,Mt Barloweerie,"Pia, Pia Wadjarri",Remote Aboriginal Community,Permanent,Pia Wadjari Aboriginal Corporation,56,Murchison,South Murchison,Mid West,Very Remote,0,0,0,0,0,0,0,56,0,0,0%,0%,0%,0%,0%,0%,0%,100%,0%,0%
Girriyoowa,Pullout Springs,Pullout Spring,Remote Aboriginal Community,Permanent,Girriyoowa Aboriginal Corporation,42,Halls Creek,Mueller Ranges,Kimberley,Very Remote,0,0,0,0,0,42,0,0,0,0,0%,0%,0%,0%,0%,100%,0%,0%,0%,0%
Parnpajinya,Pumajina,Pumajina Reserve,Town Based Community or Reserve,Permanent,Parnpajinya Aboriginal Association Incorporated,60,East Pilbara,Newman,Pilbara,Very Remote,0,0,0,0,3,0,0,50,0,0,0%,0%,0%,0%,5%,0%,0%,83%,0%,0%
Rarrdjali,,,Remote Aboriginal Community,Permanent,Rarrdjali Aboriginal Corporation,12,Broome,Roebuck,Kimberley,Very Remote,0,0,0,0,0,0,0,0,12,0,0%,0%,0%,0%,0%,0%,0%,0%,100%,0%
Robe River Junction,,,Remote Aboriginal Community,Permanent,Rb River Junction Aboriginal Corporation,4,Halls Creek,Ord River,Kimberley,Very Remote,0,0,0,0,0,4,0,0,0,0,0%,0%,0%,0%,0%,100%,0%,0%,0%,0%
Red Shells,,,Remote Aboriginal Community,Permanent,Red Shells Aboriginal Corporation,3,Broome,Dampier Peninsula,Kimberley,Very Remote,0,0,0,0,0,0,0,0,3,0,0%,0%,0%,0%,0%,0%,0%,0%,100%,0%
Mud Springs,Ribinyung Dawang,"Ribinyung Daawang, Rowena Downs",Remote Aboriginal Community,Permanent,Ribinyung Dawang Aboriginal Corporation,13,Wyndham-East Kimberley,Kununurra,Kimberley,Very Remote,0,0,0,0,0,0,0,0,13,0,0%,0%,0%,0%,0%,0%,0%,0%,100%,0%
Rocky Springs,Tharmindie Corp,Rockie Springs,Remote Aboriginal Community,Seasonal,None,0,Halls Creek,Mueller Ranges,Kimberley,Very Remote,0,0,0,0,0,0,0,0,0,0,#DIV/0!,#DIV/0!,#DIV/0!,#DIV/0!,#DIV/0!,#DIV/0!,#DIV/0!,#DIV/0!,#DIV/0!,#DIV/0!
Crocodile Hole,Rugan,,Remote Aboriginal Community,Permanent,Rugan Aboriginal Corporation,16,Wyndham-East Kimberley,Durack,Kimberley,Very Remote,0,0,0,0,0,0,0,0,16,0,0%,0%,0%,0%,0%,0%,0%,0%,100%,0%
Tappers Inlet,,,Remote Aboriginal Community,Permanent,TAPPERS INLET COMMUNITY ABORIGINAL CORPORATION,12,Broome,Dampier Peninsula,Kimberley,Very Remote,0,0,0,0,0,0,0,0,12,0,0%,0%,0%,0%,0%,0%,0%,0%,100%,0%
Tirralintji,Train River,,Remote Aboriginal Community,Permanent,Tirralintji (Aboriginal Corporation),13,Derby-West Kimberley,Mueller Ranges,Kimberley,Very Remote,0,0,0,0,0,0,0,0,0,13,0%,0%,0%,0%,0%,0%,0%,0%,0%,100%
Tkalka Boorda,Three Mile,"Tjalka Boorda, Tjaka Boorda, Tjalku Boorda, 3 Mile",Town Based Community or Reserve,Permanent,TKALKABOORDA COMMUNITY AC,1,Port Hedland,Port Hedland,Pilbara,Remote,0,0,0,0,0,0,0,0,0,1,0%,0%,0%,0%,0%,0%,0%,0%,0%,100%
Tjirrkarli,,,Remote Aboriginal Community,Permanent,Tjirrkarli (Aboriginal Corporation),62,Ngaanyatjarraku,Gibson Desert South,Goldfields - Esperance,Very Remote,0,0,0,0,0,0,0,62,0,0,0%,0%,0%,0%,0%,0%,0%,100%,0%,0%
Tjukurla,,,Remote Aboriginal Community,Permanent,Tjukurla Community Aboriginal Corporation,54,Ngaanyatjarraku,Ngaanyatjarra-Giles,Goldfields - Esperance,Very Remote,0,0,0,0,0,0,0,54,0,0,0%,0%,0%,0%,0%,0%,0%,100%,0%,0%
Malaburra,Maher Family,Valentine Island,Remote Aboriginal Community,Seasonal,Malaburra Aboriginal Corporation,0,Broome,Dampier Peninsula,Kimberley,Very Remote,0,0,0,0,0,0,0,0,0,0,#DIV/0!,#DIV/0!,#DIV/0!,#DIV/0!,#DIV/0!,#DIV/0!,#DIV/0!,#DIV/0!,#DIV/0!,#DIV/0!
Warburton,,Warburton Ranges,Remote Aboriginal Community,Permanent,Warburton Community Inc.,576,Ngaanyatjarraku,Warburton,Goldfields - Esperance,Very Remote,54,0,0,0,0,0,0,411,0,0,9%,0%,0%,0%,0%,0%,0%,71%,0%,0%
Wakathuni,Rocklea,Wakuthuni,Remote Aboriginal Community,Permanent,Wakuthuni Aboriginal Corporation,91,Ashburton,Rocklea,Pilbara,Very Remote,0,0,0,0,0,0,0,91,0,0,0%,0%,0%,0%,0%,0%,0%,100%,0%,0%
Yiramalay,Wamali,Yioramalay,Remote Aboriginal Community,Seasonal,None,0,Derby-West Kimberley,King Leopold Ranges,Kimberley,Very Remote,0,0,0,0,0,0,0,0,0,0,#DIV/0!,#DIV/0!,#DIV/0!,#DIV/0!,#DIV/0!,#DIV/0!,#DIV/0!,#DIV/0!,#DIV/0!,#DIV/0!
Wanamulnyundong,Mijilmil Mia,"Mijilmil - Mia, Wanamulnyndong, Wanamulyadong",Remote Aboriginal Community,Permanent,Wanamulnyundong Aboriginal Corporation,20,Broome,Lagrange,Kimberley,Very Remote,0,0,0,0,0,0,0,0,20,0,0%,0%,0%,0%,0%,0%,0%,0%,100%,0%
Wangkatjungka,Christmas Creek,"Jilajin, Jittapurru, Kroongal, Kroonul, Wangkatjunka",Remote Aboriginal Community,Permanent,Wangkatjungka Community Incorporated,254,Derby-West Kimberley,St George Ranges,Kimberley,Very Remote,16,0,0,0,0,11,0,24,4,136,6%,0%,0%,0%,0%,4%,0%,9%,2%,54%
Warakurna,Giles,,Remote Aboriginal Community,Permanent,Karrku Homeland Aboriginal Corporation,268,Ngaanyatjarraku,Ngaanyatjarra-Giles,Goldfields - Esperance,Very Remote,0,0,0,0,0,0,0,220,0,0,0%,0%,0%,0%,0%,0%,0%,82%,0%,0%
Warmun,Turkey Creek,,Remote Aboriginal Community,Permanent,Warmun Community (Turkey Creek) Inc.,366,Halls Creek,Warmun,Kimberley,Very Remote,51,0,0,0,0,4,0,0,91,22,14%,0%,0%,0%,0%,1%,0%,0%,25%,6%
Warralong,Karntimarta,"Mirtunkarra, Mirtunkurra, Warralong",Remote Aboriginal Community,Permanent,Karntimarta Aboriginal Corporation,113,East Pilbara,Marble Bar,Pilbara,Very Remote,0,0,0,0,0,0,0,8,0,84,0%,0%,0%,0%,0%,0%,0%,7%,0%,74%
Warrayu,,Warriu,Town Based Community or Reserve,Permanent,Warrayu Community Aboriginal Corporation,45,Wyndham-East Kimberley,Wyndham,Kimberley,Very Remote,0,0,0,0,0,0,0,0,45,0,0%,0%,0%,0%,0%,0%,0%,0%,100%,0%
Gullaweed,,,Remote Aboriginal Community,Permanent,Gullaweed Aboriginal Corporation,15,Broome,Dampier Peninsula,Kimberley,Very Remote,0,0,0,0,0,0,0,0,15,0,0%,0%,0%,0%,0%,0%,0%,0%,100%,0%
White Gum Park,,Whitegum Park,Remote Aboriginal Community,Seasonal,None,0,Broome,Dampier Peninsula,Kimberley,Very Remote,0,0,0,0,0,0,0,0,0,0,#DIV/0!,#DIV/0!,#DIV/0!,#DIV/0!,#DIV/0!,#DIV/0!,#DIV/0!,#DIV/0!,#DIV/0!,#DIV/0!
Wijilawarrim,Molly Springs,"Wijilarwarrim, Molly, Wigilawarrim",Remote Aboriginal Community,Permanent,Wijilawarrim Aboriginal Corporation,46,Wyndham-East Kimberley,Lake Argyle,Kimberley,Very Remote,0,0,0,0,0,0,0,0,46,0,0%,0%,0%,0%,0%,0%,0%,0%,100%,0%
Windidda,,,Remote Aboriginal Community,Permanent,WINDIDDA ABORIGINAL CORPORATION,35,Wiluna,Lake Carnegie,Mid West,Very Remote,0,0,0,0,0,0,0,35,0,0,0%,0%,0%,0%,0%,0%,0%,100%,0%,0%
Windjingayr,Hawkstone,"Windjingare, Windjingayre",Remote Aboriginal Community,Permanent,WINDJINGAYR ABORIGINAL CORPORATION,30,Derby-West Kimberley,King Leopold Ranges,Kimberley,Very Remote,0,0,0,0,0,0,0,0,0,30,0%,0%,0%,0%,0%,0%,0%,0%,0%,100%
Balgo,Wirrimanu,Balgo Hills,Remote Aboriginal Community,Permanent,Wirrimanu Aboriginal Corporation,359,Halls Creek,Tanami,Kimberley,Very Remote,86,0,6,0,0,29,0,56,0,3,24%,0%,2%,0%,0%,8%,0%,16%,0%,1%
Wongatha Wonganarra,,"Wongatha Wonganara, Wongatha Village, Wongatha Wanganarra",Town Based Community or Reserve,Permanent,WONGATHA WONGANARRA ABORIGINAL CORP,51,Laverton,Laverton,Goldfields - Esperance,Very Remote,0,0,0,0,0,0,0,51,0,0,0%,0%,0%,0%,0%,0%,0%,100%,0%,0%
Woolergerberleng,Hollow Springs,"Woolerregerberleng, Woolereereerling, Woolie",Remote Aboriginal Community,Permanent,Woolerregerberleng Aboriginal Corporation,19,Wyndham-East Kimberley,Lake Argyle,Kimberley,Very Remote,0,0,0,0,0,0,0,0,19,0,0%,0%,0%,0%,0%,0%,0%,0%,100%,0%
Woolah,Doon Doon,"Doon Doon Station, Dunham River",Remote Aboriginal Community,Permanent,Woolah Aboriginal Corporation,64,Wyndham-East Kimberley,Durack,Kimberley,Very Remote,6,0,0,0,0,0,0,0,0,0,9%,0%,0%,0%,0%,0%,0%,0%,0%,0%
Wuggubun,Card Creek,"Wuggun, Wuggubyn",Remote Aboriginal Community,Permanent,Wuggubun Aboriginal Corporation,50,Wyndham-East Kimberley,Durack,Kimberley,Very Remote,0,0,0,0,0,0,0,0,50,0,0%,0%,0%,0%,0%,0%,0%,0%,100%,0%
Middle Lagoon,,,Remote Aboriginal Community,Permanent,MIDDLE LAGOON ABORIGINAL CORPORATION,9,Broome,Dampier Peninsula,Kimberley,Very Remote,0,0,0,0,0,0,0,0,9,0,0%,0%,0%,0%,0%,0%,0%,0%,100%,0%
Wungu,Old Flora Valley Station,Old Flora Valley,Remote Aboriginal Community,Permanent,Wungu Aboriginal Corporation,4,Halls Creek,Ord River,Kimberley,Very Remote,0,0,0,0,0,4,0,0,0,0,0%,0%,0%,0%,0%,100%,0%,0%,0%,0%
Frog Hollow,Wurreranginy,"Wurrenraginy, Wurrenranginy",Remote Aboriginal Community,Permanent,WURRERANGINY ABORIGINAL CORP,50,Halls Creek,Ord River,Kimberley,Very Remote,0,0,0,0,0,50,0,0,0,0,0%,0%,0%,0%,0%,100%,0%,0%,0%,0%
Yakanarra,,Yakanara,Remote Aboriginal Community,Permanent,Yakanarra Aboriginal Corporation,134,Derby-West Kimberley,St George Ranges,Kimberley,Very Remote,0,0,0,0,0,25,0,0,0,98,0%,0%,0%,0%,0%,19%,0%,0%,0%,73%
Ngarlan Burr,Yallet,Yalet,Remote Aboriginal Community,Seasonal,NGARLAN BURR ABORIGINAL CORPORATION,0,Broome,Dampier Peninsula,Kimberley,Very Remote,0,0,0,0,0,0,0,0,0,0,#DIV/0!,#DIV/0!,#DIV/0!,#DIV/0!,#DIV/0!,#DIV/0!,#DIV/0!,#DIV/0!,#DIV/0!,#DIV/0!
Yandarinya,,,Remote Aboriginal Community,Permanent,Yandarina Aboriginal Corporation,14,Broome,Eighty Mile Beach,Kimberley,Very Remote,0,0,0,0,0,0,0,0,14,0,0%,0%,0%,0%,0%,0%,0%,0%,100%,0%
Yarri Yarri,,Yarri,Remote Aboriginal Community,Seasonal,Yarri Yarri Aboriginal Corporation,0,Derby-West Kimberley,St George Ranges,Kimberley,Very Remote,0,0,0,0,0,0,0,0,0,0,#DIV/0!,#DIV/0!,#DIV/0!,#DIV/0!,#DIV/0!,#DIV/0!,#DIV/0!,#DIV/0!,#DIV/0!,#DIV/0!
Dingo Springs,Yardangarli,"Yardungarl, Yardungarll",Remote Aboriginal Community,Permanent,Yardungarll Aboriginal Corporation,8,Wyndham-East Kimberley,Lake Argyle,Kimberley,Very Remote,0,0,0,0,0,0,0,0,8,0,0%,0%,0%,0%,0%,0%,0%,0%,100%,0%
Yawuru,,,Remote Aboriginal Community,Permanent,Yawuru Aboriginal Corporation,7,Broome,Roebuck,Kimberley,Remote,0,0,0,0,0,0,0,0,7,0,0%,0%,0%,0%,0%,0%,0%,0%,100%,0%
Yirralalem,,"Packsaddle Springs, Yirralallan, Yirralallem",Remote Aboriginal Community,Permanent,Yirralalem Aboriginal Corporation,20,Wyndham-East Kimberley,Kununurra,Kimberley,Very Remote,0,0,0,0,0,0,0,0,20,0,0%,0%,0%,0%,0%,0%,0%,0%,100%,0%
Yiyili,Louisa Downs Station,Yiyilli,Remote Aboriginal Community,Permanent,Yiyili Community Aboriginal Corporation,101,Halls Creek,Mueller Ranges,Kimberley,Very Remote,0,0,0,0,0,101,0,0,0,0,0%,0%,0%,0%,0%,100%,0%,0%,0%,0%
Youngaleena,Mulga Downs,"Youngaleena Bunjima, Youngeleena",Remote Aboriginal Community,Permanent,Youngaleena Bunjima Aboriginal Corporation,29,Ashburton,Mulga Downs,Pilbara,Very Remote,0,0,0,0,0,0,0,29,0,0,0%,0%,0%,0%,0%,0%,0%,100%,0%,0%
Yulmbu,Tableland Station,Yulumbu,Remote Aboriginal Community,Permanent,Yulmbu Aboriginal Corporation,15,Derby-West Kimberley,Mueller Ranges,Kimberley,Very Remote,0,0,0,0,0,0,0,0,0,15,0%,0%,0%,0%,0%,0%,0%,0%,0%,100%
Yulga Jinna,Fraser Well,,Remote Aboriginal Community,Permanent,Yulga Jinna Aboriginal Corporation,47,Meekatharra,Peak Hill,Mid West,Very Remote,0,0,0,0,0,0,0,47,0,0,0%,0%,0%,0%,0%,0%,0%,100%,0%,0%
Yungngora,Noonkanbah,"Noonkanbah Station, Yungnora",Remote Aboriginal Community,Permanent,Yungngora Association Inc.,409,Derby-West Kimberley,Mount Hardman,Kimberley,Very Remote,11,0,0,0,0,52,0,0,8,274,3%,0%,0%,0%,0%,13%,0%,0%,2%,67%
Karalundi,,Karralundi,Remote Aboriginal Community,Permanent,Karalundi Aboriginal Education Community Inc.,67,Meekatharra,Meekatharra,Mid West,Very Remote,0,0,0,0,0,0,0,67,0,0,0%,0%,0%,0%,0%,0%,0%,100%,0%,0%
Butchilbidi,,Budjilbidi,Remote Aboriginal Community,Seasonal,Butchilbidi Aboriginal Corporation,0,Halls Creek,Mueller Ranges,Kimberley,Very Remote,0,0,0,0,0,0,0,0,0,0,#DIV/0!,#DIV/0!,#DIV/0!,#DIV/0!,#DIV/0!,#DIV/0!,#DIV/0!,#DIV/0!,#DIV/0!,#DIV/0!
Budulah,,,Town Based Community or Reserve,Permanent,Budulah Aboriginal Corporation,26,Derby-West Kimberley,Derby,Kimberley,Very Remote,0,0,0,0,0,0,0,0,0,26,0%,0%,0%,0%,0%,0%,0%,0%,0%,100%
Buningbarr,Barringbar,Swan Point,Remote Aboriginal Community,Seasonal,Buningbarr Aborginal Corporation,0,Broome,Dampier Peninsula,Kimberley,Very Remote,0,0,0,0,0,0,0,0,0,0,#DIV/0!,#DIV/0!,#DIV/0!,#DIV/0!,#DIV/0!,#DIV/0!,#DIV/0!,#DIV/0!,#DIV/0!,#DIV/0!
Bungardi,,,Town Based Community or Reserve,Permanent,Bungardi Inc.,9,Derby-West Kimberley,Fitzroy Crossing,Kimberley,Very Remote,0,0,0,0,0,0,0,0,0,9,0%,0%,0%,0%,0%,0%,0%,0%,0%,100%
Burrinunga,,,Town Based Community or Reserve,Permanent,Burrinunga Aboriginal Corporation,30,Derby-West Kimberley,Derby,Kimberley,Very Remote,0,0,0,0,0,0,0,0,0,30,0%,0%,0%,0%,0%,0%,0%,0%,0%,100%
Bygnunn,,Byngunn,Remote Aboriginal Community,Permanent,Bygnunn Aboriginal Corporation,1,Broome,Dampier Peninsula,Kimberley,Very Remote,0,0,0,0,0,0,0,0,1,0,0%,0%,0%,0%,0%,0%,0%,0%,100%,0%
Carranya,Meearu Djarula,"Meearh Djarula, Caranya, Meeru Djarula",Remote Aboriginal Community,Seasonal,Meearu Djarula Aboriginal Corporation,0,Halls Creek,Sturt Creek,Kimberley,Very Remote,0,0,0,0,0,0,0,0,0,0,#DIV/0!,#DIV/0!,#DIV/0!,#DIV/0!,#DIV/0!,#DIV/0!,#DIV/0!,#DIV/0!,#DIV/0!,#DIV/0!
Carson River,,,Remote Aboriginal Community,Seasonal,Carson River Pastoral Co. Pty Ltd,0,Wyndham-East Kimberley,Drysdale River,Kimberley,Very Remote,0,0,0,0,0,0,0,0,0,0,#DIV/0!,#DIV/0!,#DIV/0!,#DIV/0!,#DIV/0!,#DIV/0!,#DIV/0!,#DIV/0!,#DIV/0!,#DIV/0!
Camp 61,Ngalkanginya,"Ngalkanginya, Balfour Downs",Remote Aboriginal Community,Seasonal,None,0,East Pilbara,Newman,Pilbara,Very Remote,0,0,0,0,0,0,0,0,0,0,#DIV/0!,#DIV/0!,#DIV/0!,#DIV/0!,#DIV/0!,#DIV/0!,#DIV/0!,#DIV/0!,#DIV/0!,#DIV/0!
Goombading,,,Remote Aboriginal Community,Seasonal,Goombading Aboriginal Corporation,0,Broome,Dampier Peninsula,Kimberley,Very Remote,0,0,0,0,0,0,0,0,0,0,#DIV/0!,#DIV/0!,#DIV/0!,#DIV/0!,#DIV/0!,#DIV/0!,#DIV/0!,#DIV/0!,#DIV/0!,#DIV/0!
Djilimbardi,Barbwire Range,"Djilumbaddi, Djillumbardi",Remote Aboriginal Community,Seasonal,DJILIMBARDI ABORIGINAL CORP,0,Derby-West Kimberley,St George Ranges,Kimberley,Very Remote,0,0,0,0,0,0,0,0,0,0,#DIV/0!,#DIV/0!,#DIV/0!,#DIV/0!,#DIV/0!,#DIV/0!,#DIV/0!,#DIV/0!,#DIV/0!,#DIV/0!
Djimung Nguda,Ejai Block,"Djimung Gnuda, Djimung Ngudu",Town Based Community or Reserve,Permanent,Djimung Gnudu Aboriginal Corporation,8,Derby-West Kimberley,Derby,Kimberley,Very Remote,0,0,0,0,0,0,0,0,0,8,0%,0%,0%,0%,0%,0%,0%,0%,0%,100%
Five Mile,,,Remote Aboriginal Community,Seasonal,Irrungadji Group Association Inc.,0,East Pilbara,Nullagine,Pilbara,Very Remote,0,0,0,0,0,0,0,0,0,0,#DIV/0!,#DIV/0!,#DIV/0!,#DIV/0!,#DIV/0!,#DIV/0!,#DIV/0!,#DIV/0!,#DIV/0!,#DIV/0!
Fletcher Family,Quartz Blow,,Remote Aboriginal Community,Seasonal,Quartz Blow Community Aboriginal Corporation,0,Halls Creek,Ord River,Kimberley,Very Remote,0,0,0,0,0,0,0,0,0,0,#DIV/0!,#DIV/0!,#DIV/0!,#DIV/0!,#DIV/0!,#DIV/0!,#DIV/0!,#DIV/0!,#DIV/0!,#DIV/0!
Gilungarra,,Gilungurra,Remote Aboriginal Community,Seasonal,Gilungurra Aboriginal Corporation,0,Halls Creek,Sturt Creek,Kimberley,Very Remote,0,0,0,0,0,0,0,0,0,0,#DIV/0!,#DIV/0!,#DIV/0!,#DIV/0!,#DIV/0!,#DIV/0!,#DIV/0!,#DIV/0!,#DIV/0!,#DIV/0!
Goonjarlan,,"Goo, Goonj Arlan",Remote Aboriginal Community,Seasonal,Goonj Arlan Aboriginal Corporation,0,Broome,Dampier Peninsula,Kimberley,Very Remote,0,0,0,0,0,0,0,0,0,0,#DIV/0!,#DIV/0!,#DIV/0!,#DIV/0!,#DIV/0!,#DIV/0!,#DIV/0!,#DIV/0!,#DIV/0!,#DIV/0!
Goobiny,,,Remote Aboriginal Community,Seasonal,GOOBINY ABORIGINAL CORPORATION,0,Broome,Dampier Peninsula,Kimberley,Very Remote,0,0,0,0,0,0,0,0,0,0,#DIV/0!,#DIV/0!,#DIV/0!,#DIV/0!,#DIV/0!,#DIV/0!,#DIV/0!,#DIV/0!,#DIV/0!,#DIV/0!
Gudargie,Wattagutabe,"Pianti Yard, Whattarguttabe",Remote Aboriginal Community,Seasonal,Gudargie Aboriginal Corporation,0,Halls Creek,Mueller Ranges,Kimberley,Very Remote,0,0,0,0,0,0,0,0,0,0,#DIV/0!,#DIV/0!,#DIV/0!,#DIV/0!,#DIV/0!,#DIV/0!,#DIV/0!,#DIV/0!,#DIV/0!,#DIV/0!
Kumbrarumba,Gurrbumi Ningguwung,,Remote Aboriginal Community,Seasonal,Gurrbumi Ningguwung Aboriginal Corporation,0,Wyndham-East Kimberley,Kununurra,Kimberley,Very Remote,0,0,0,0,0,0,0,0,0,0,#DIV/0!,#DIV/0!,#DIV/0!,#DIV/0!,#DIV/0!,#DIV/0!,#DIV/0!,#DIV/0!,#DIV/0!,#DIV/0!
Malangan,Illengirri Malangan,Ord River,Remote Aboriginal Community,Seasonal,Illengirri Malangan Aboriginal Corporation,0,Halls Creek,Ord River,Kimberley,Very Remote,0,0,0,0,0,0,0,0,0,0,#DIV/0!,#DIV/0!,#DIV/0!,#DIV/0!,#DIV/0!,#DIV/0!,#DIV/0!,#DIV/0!,#DIV/0!,#DIV/0!
Jalyirr,Jaylirr,,Remote Aboriginal Community,Seasonal,Jalyirr Aboriginal Corporation,0,Halls Creek,Tanami,Kimberley,Very Remote,0,0,0,0,0,0,0,0,0,0,#DIV/0!,#DIV/0!,#DIV/0!,#DIV/0!,#DIV/0!,#DIV/0!,#DIV/0!,#DIV/0!,#DIV/0!,#DIV/0!
Jinparinya,,,Remote Aboriginal Community,Permanent,Jinparinya Aboriginal Corporation,12,Port Hedland,Pippingarra,Pilbara,Very Remote,0,0,0,0,0,0,0,12,0,0,0%,0%,0%,0%,0%,0%,0%,100%,0%,0%
Jinyaadi,,,Remote Aboriginal Community,Seasonal,JINYADII AC,0,Broome,Dampier Peninsula,Kimberley,Very Remote,0,0,0,0,0,0,0,0,0,0,#DIV/0!,#DIV/0!,#DIV/0!,#DIV/0!,#DIV/0!,#DIV/0!,#DIV/0!,#DIV/0!,#DIV/0!,#DIV/0!
Djugaragyn,Jugarargyn,,Remote Aboriginal Community,Permanent,DJUGARARGYN AC,8,Broome,Dampier Peninsula,Kimberley,Very Remote,0,0,0,0,0,0,0,0,8,0,0%,0%,0%,0%,0%,0%,0%,0%,100%,0%
Kalyadayan,,"Kalyaydayan, Kalyadan",Remote Aboriginal Community,Seasonal,Kalyadayan Aboriginal Corporation,0,Broome,Lagrange,Kimberley,Very Remote,0,0,0,0,0,0,0,0,0,0,#DIV/0!,#DIV/0!,#DIV/0!,#DIV/0!,#DIV/0!,#DIV/0!,#DIV/0!,#DIV/0!,#DIV/0!,#DIV/0!
Karrku,Tarku,,Remote Aboriginal Community,Seasonal,Karrku Homeland Aboriginal Corporation,0,Ngaanyatjarraku,Ngaanyatjarra-Giles,Goldfields - Esperance,Very Remote,0,0,0,0,0,0,0,0,0,0,#DIV/0!,#DIV/0!,#DIV/0!,#DIV/0!,#DIV/0!,#DIV/0!,#DIV/0!,#DIV/0!,#DIV/0!,#DIV/0!
Kawarre,Bungle Bungle Outstation,Purnululu,Remote Aboriginal Community,Seasonal,Kawarre Aboriginal Corporation,0,Halls Creek,Purnululu,Kimberley,Very Remote,0,0,0,0,0,0,0,0,0,0,#DIV/0!,#DIV/0!,#DIV/0!,#DIV/0!,#DIV/0!,#DIV/0!,#DIV/0!,#DIV/0!,#DIV/0!,#DIV/0!
Kayirriwarney,Date Palm,"Kaiyiyiewarreny, Kayirriwarra",Remote Aboriginal Community,Seasonal,Kayiyirriwareny Aboriginal Corporation,0,Halls Creek,Ord River,Kimberley,Very Remote,0,0,0,0,0,0,0,0,0,0,#DIV/0!,#DIV/0!,#DIV/0!,#DIV/0!,#DIV/0!,#DIV/0!,#DIV/0!,#DIV/0!,#DIV/0!,#DIV/0!
Killi Killi,Lukarara,,Remote Aboriginal Community,Seasonal,Lukarara Aboriginal Corporation,0,Halls Creek,Tanami,Kimberley,Very Remote,0,0,0,0,0,0,0,0,0,0,#DIV/0!,#DIV/0!,#DIV/0!,#DIV/0!,#DIV/0!,#DIV/0!,#DIV/0!,#DIV/0!,#DIV/0!,#DIV/0!
Desert Gold,,,Remote Aboriginal Community,Seasonal,Ngangganawili Desert Gold Aboriginal Corporation,0,Wiluna,Wiluna,Mid West,Very Remote,0,0,0,0,0,0,0,0,0,0,#DIV/0!,#DIV/0!,#DIV/0!,#DIV/0!,#DIV/0!,#DIV/0!,#DIV/0!,#DIV/0!,#DIV/0!,#DIV/0!
Kurinyjarn,Mary River,Kurinjayan,Remote Aboriginal Community,Seasonal,Kurinyjarn Aboriginal Corporation,0,Halls Creek,Mueller Ranges,Kimberley,Very Remote,0,0,0,0,0,0,0,0,0,0,#DIV/0!,#DIV/0!,#DIV/0!,#DIV/0!,#DIV/0!,#DIV/0!,#DIV/0!,#DIV/0!,#DIV/0!,#DIV/0!
Millargoon,Milagoon,"Midlagoon, Midlargoon",Remote Aboriginal Community,Seasonal,MILARGOON ABORIGINAL CORPORATION,0,Broome,Dampier Peninsula,Kimberley,Very Remote,0,0,0,0,0,0,0,0,0,0,#DIV/0!,#DIV/0!,#DIV/0!,#DIV/0!,#DIV/0!,#DIV/0!,#DIV/0!,#DIV/0!,#DIV/0!,#DIV/0!
Morrell Park,Four Mile,,Town Based Community or Reserve,Permanent,None,80,Broome,Roebuck,Kimberley,Remote,0,0,0,0,0,0,0,0,80,0,0%,0%,0%,0%,0%,0%,0%,0%,100%,0%
Madunka Ewurry,Muda Ewurry,"Madungka Ewurry, Medungka Ewery, Miniarra, Muda-Ewanny",Town Based Community or Reserve,Unoccupied,Muda-Ewunny Community Inc.,0,Meekatharra,Meekatharra,Mid West,Very Remote,0,0,0,0,0,0,0,0,0,0,#DIV/0!,#DIV/0!,#DIV/0!,#DIV/0!,#DIV/0!,#DIV/0!,#DIV/0!,#DIV/0!,#DIV/0!,#DIV/0!
Majaddin,Mount Agnes,Madjaddin,Remote Aboriginal Community,Seasonal,Majaddin Aboriginal Corporation,0,Derby-West Kimberley,King Leopold Ranges,Kimberley,Very Remote,0,0,0,0,0,0,0,0,0,0,#DIV/0!,#DIV/0!,#DIV/0!,#DIV/0!,#DIV/0!,#DIV/0!,#DIV/0!,#DIV/0!,#DIV/0!,#DIV/0!
Bindoola,Maliacha,"Darwalah, Maliacka, Muliarkar",Remote Aboriginal Community,Seasonal,Darwulah Aboriginal Corporation,0,Wyndham-East Kimberley,Oombulgurri,Kimberley,Very Remote,0,0,0,0,0,0,0,0,0,0,#DIV/0!,#DIV/0!,#DIV/0!,#DIV/0!,#DIV/0!,#DIV/0!,#DIV/0!,#DIV/0!,#DIV/0!,#DIV/0!
Munget,,,Remote Aboriginal Community,Permanent,Munget Aboriginal Corporation,10,Broome,Dampier Peninsula,Kimberley,Very Remote,0,0,0,0,0,0,0,0,10,0,0%,0%,0%,0%,0%,0%,0%,0%,100%,0%
Munjari,,,Remote Aboriginal Community,Seasonal,Marnjal Community Aboriginal Corporation,0,Halls Creek,Mueller Ranges,Kimberley,Very Remote,0,0,0,0,0,0,0,0,0,0,#DIV/0!,#DIV/0!,#DIV/0!,#DIV/0!,#DIV/0!,#DIV/0!,#DIV/0!,#DIV/0!,#DIV/0!,#DIV/0!
Mundud,Red Bluff,Mun Dud,Remote Aboriginal Community,Seasonal,MUNDUD ABORIGINAL CORPORATION,0,Broome,Dampier Peninsula,Kimberley,Very Remote,0,0,0,0,0,0,0,0,0,0,#DIV/0!,#DIV/0!,#DIV/0!,#DIV/0!,#DIV/0!,#DIV/0!,#DIV/0!,#DIV/0!,#DIV/0!,#DIV/0!
Ngarantjadu,Mt Bannerman,"Jilji Bore, Ngarantjardu",Remote Aboriginal Community,Seasonal,Ngarantjadu Aboriginal Corporation,0,Derby-West Kimberley,Mueller Ranges,Kimberley,Very Remote,0,0,0,0,0,0,0,0,0,0,#DIV/0!,#DIV/0!,#DIV/0!,#DIV/0!,#DIV/0!,#DIV/0!,#DIV/0!,#DIV/0!,#DIV/0!,#DIV/0!
Cattle Creek,Ngiling Anjaru,Yinigin Jaru,Remote Aboriginal Community,Seasonal,Ngiling Anjaru Aboriginal Corporation,0,Halls Creek,Ord River,Kimberley,Very Remote,0,0,0,0,0,0,0,0,0,0,#DIV/0!,#DIV/0!,#DIV/0!,#DIV/0!,#DIV/0!,#DIV/0!,#DIV/0!,#DIV/0!,#DIV/0!,#DIV/0!
Ngildu,Neildu,Ngiuldu,Remote Aboriginal Community,Seasonal,Ngildu Aboriginal Corporation,0,Wyndham-East Kimberley,Oombulgurri,Kimberley,Very Remote,0,0,0,0,0,0,0,0,0,0,#DIV/0!,#DIV/0!,#DIV/0!,#DIV/0!,#DIV/0!,#DIV/0!,#DIV/0!,#DIV/0!,#DIV/0!,#DIV/0!
Ngulupi,Balgo Homestead,Ngulupi Cattle Station,Remote Aboriginal Community,Seasonal,None,0,Halls Creek,Tanami,Kimberley,Very Remote,0,0,0,0,0,0,0,0,0,0,#DIV/0!,#DIV/0!,#DIV/0!,#DIV/0!,#DIV/0!,#DIV/0!,#DIV/0!,#DIV/0!,#DIV/0!,#DIV/0!
Ngyallawilli,,"Ngyalawilli, Nyallawilli",Remote Aboriginal Community,Seasonal,Ngalawilli Aboriginal Corporation,0,Halls Creek,Ord River,Kimberley,Very Remote,0,0,0,0,0,0,0,0,0,0,#DIV/0!,#DIV/0!,#DIV/0!,#DIV/0!,#DIV/0!,#DIV/0!,#DIV/0!,#DIV/0!,#DIV/0!,#DIV/0!
Nilargoon,Sunday Island,"Iwanj, Nilagoon",Remote Aboriginal Community,Seasonal,None,0,Broome,Dampier Peninsula,Kimberley,Very Remote,0,0,0,0,0,0,0,0,0,0,#DIV/0!,#DIV/0!,#DIV/0!,#DIV/0!,#DIV/0!,#DIV/0!,#DIV/0!,#DIV/0!,#DIV/0!,#DIV/0!
Billanooka,,,Remote Aboriginal Community,Seasonal,None,0,East Pilbara,Newman,Pilbara,Very Remote,0,0,0,0,0,0,0,0,0,0,#DIV/0!,#DIV/0!,#DIV/0!,#DIV/0!,#DIV/0!,#DIV/0!,#DIV/0!,#DIV/0!,#DIV/0!,#DIV/0!
Nyilil,,Willie Point,Remote Aboriginal Community,Seasonal,Nyilil Aboriginal Corporation,0,Broome,Dampier Peninsula,Kimberley,Very Remote,0,0,0,0,0,0,0,0,0,0,#DIV/0!,#DIV/0!,#DIV/0!,#DIV/0!,#DIV/0!,#DIV/0!,#DIV/0!,#DIV/0!,#DIV/0!,#DIV/0!
Pantijan,,,Remote Aboriginal Community,Seasonal,Pantijan Aboriginal Corporation,0,Derby-West Kimberley,Prince Regent River,Kimberley,Very Remote,0,0,0,0,0,0,0,0,0,0,#DIV/0!,#DIV/0!,#DIV/0!,#DIV/0!,#DIV/0!,#DIV/0!,#DIV/0!,#DIV/0!,#DIV/0!,#DIV/0!
Pipunya,,,Town Based Community or Reserve,Unoccupied,Pipunya Community Inc,0,East Pilbara,Marble Bar,Pilbara,Very Remote,0,0,0,0,0,0,0,0,0,0,#DIV/0!,#DIV/0!,#DIV/0!,#DIV/0!,#DIV/0!,#DIV/0!,#DIV/0!,#DIV/0!,#DIV/0!,#DIV/0!
Puntawari,,,Remote Aboriginal Community,Seasonal,None,0,Wiluna,Little Sandy Desert,Mid West,Very Remote,0,0,0,0,0,0,0,0,0,0,#DIV/0!,#DIV/0!,#DIV/0!,#DIV/0!,#DIV/0!,#DIV/0!,#DIV/0!,#DIV/0!,#DIV/0!,#DIV/0!
Robertson Range,,,Remote Aboriginal Community,Seasonal,None,0,East Pilbara,Newman,Pilbara,Very Remote,0,0,0,0,0,0,0,0,0,0,#DIV/0!,#DIV/0!,#DIV/0!,#DIV/0!,#DIV/0!,#DIV/0!,#DIV/0!,#DIV/0!,#DIV/0!,#DIV/0!
Rollah,,Oompagnapa,Remote Aboriginal Community,Permanent,Rollah Group Aboriginal Corporation,8,Broome,Lagrange,Kimberley,Very Remote,0,0,0,0,0,0,0,0,8,0,0%,0%,0%,0%,0%,0%,0%,0%,100%,0%
Strelley,,,Remote Aboriginal Community,Seasonal,The Strelley Housing Society Incorporated,0,Port Hedland,Strelley,Pilbara,Very Remote,0,0,0,0,0,0,0,0,0,0,#DIV/0!,#DIV/0!,#DIV/0!,#DIV/0!,#DIV/0!,#DIV/0!,#DIV/0!,#DIV/0!,#DIV/0!,#DIV/0!
Walgun,,,Remote Aboriginal Community,Seasonal,Walgun Aboriginal Corporation,0,East Pilbara,Newman,Pilbara,Very Remote,0,0,0,0,0,0,0,0,0,0,#DIV/0!,#DIV/0!,#DIV/0!,#DIV/0!,#DIV/0!,#DIV/0!,#DIV/0!,#DIV/0!,#DIV/0!,#DIV/0!
Worrimbah,,,Remote Aboriginal Community,Seasonal,Worrimbah Aboriginal Corporation,0,Derby-West Kimberley,Mount Hardman,Kimberley,Very Remote,0,0,0,0,0,0,0,0,0,0,#DIV/0!,#DIV/0!,#DIV/0!,#DIV/0!,#DIV/0!,#DIV/0!,#DIV/0!,#DIV/0!,#DIV/0!,#DIV/0!
White Rock,,,Remote Aboriginal Community,Seasonal,Ngunjiwirri Aboriginal Corporation,0,Halls Creek,Mueller Ranges,Kimberley,Very Remote,0,0,0,0,0,0,0,0,0,0,#DIV/0!,#DIV/0!,#DIV/0!,#DIV/0!,#DIV/0!,#DIV/0!,#DIV/0!,#DIV/0!,#DIV/0!,#DIV/0!
Windong,,,Remote Aboriginal Community,Seasonal,None,0,Wyndham-East Kimberley,Lake Argyle,Kimberley,Very Remote,0,0,0,0,0,0,0,0,0,0,#DIV/0!,#DIV/0!,#DIV/0!,#DIV/0!,#DIV/0!,#DIV/0!,#DIV/0!,#DIV/0!,#DIV/0!,#DIV/0!
Woodstock,,"Woodstock New Village, Mumbulgjari, Mumbultjari, Woodstock Village",Remote Aboriginal Community,Seasonal,Mumbultjari Aboriginal Corporation,0,Port Hedland,Marble Bar,Pilbara,Very Remote,0,0,0,0,0,0,0,0,0,0,#DIV/0!,#DIV/0!,#DIV/0!,#DIV/0!,#DIV/0!,#DIV/0!,#DIV/0!,#DIV/0!,#DIV/0!,#DIV/0!
Flying Foxhole,Worrworrum,,Remote Aboriginal Community,Seasonal,WORRWORRUM NINGGUWUNG ABORIGINAL CORPORATION,0,Wyndham-East Kimberley,Lake Argyle,Kimberley,Very Remote,0,0,0,0,0,0,0,0,0,0,#DIV/0!,#DIV/0!,#DIV/0!,#DIV/0!,#DIV/0!,#DIV/0!,#DIV/0!,#DIV/0!,#DIV/0!,#DIV/0!
Wulununjur,Valentine Island,Wulununju,Remote Aboriginal Community,Seasonal,Wulununjur Aboriginal Corp,0,Broome,Dampier Peninsula,Kimberley,Very Remote,0,0,0,0,0,0,0,0,0,0,#DIV/0!,#DIV/0!,#DIV/0!,#DIV/0!,#DIV/0!,#DIV/0!,#DIV/0!,#DIV/0!,#DIV/0!,#DIV/0!
Yardoogarra,Garimba,,Remote Aboriginal Community,Seasonal,Yardoogarra Aboriginal Corporation,0,Broome,Lagrange,Kimberley,Very Remote,0,0,0,0,0,0,0,0,0,0,#DIV/0!,#DIV/0!,#DIV/0!,#DIV/0!,#DIV/0!,#DIV/0!,#DIV/0!,#DIV/0!,#DIV/0!,#DIV/0!
Yarrunga,Chinaman's Garden,"Alice Downs, Chinaman Garden",Remote Aboriginal Community,Seasonal,Yarrunga Aboriginal Corporation,0,Halls Creek,Ord River,Kimberley,Very Remote,0,0,0,0,0,0,0,0,0,0,#DIV/0!,#DIV/0!,#DIV/0!,#DIV/0!,#DIV/0!,#DIV/0!,#DIV/0!,#DIV/0!,#DIV/0!,#DIV/0!
Yarramurral,,Walgali,Remote Aboriginal Community,Seasonal,None,0,Halls Creek,Tanami,Kimberley,Very Remote,0,0,0,0,0,0,0,0,0,0,#DIV/0!,#DIV/0!,#DIV/0!,#DIV/0!,#DIV/0!,#DIV/0!,#DIV/0!,#DIV/0!,#DIV/0!,#DIV/0!
Woodgamia,Koorda Club,Woodgemia,Town Based Community or Reserve,Permanent,Woodgamia CDEP Aboriginal Corporation,41,Upper Gascoyne,Gascoyne Junction,Gascoyne,Very Remote,0,0,0,0,0,0,0,0,0,41,0%,0%,0%,0%,0%,0%,0%,0%,0%,100%
Bidan,Bedunburra,"Nillibublica, Bedunburru",Remote Aboriginal Community,Permanent,BIDAN ABORIGINAL CORPORATION,12,Derby-West Kimberley,Roebuck,Kimberley,Very Remote,0,0,0,0,0,0,0,0,0,12,0%,0%,0%,0%,0%,0%,0%,0%,0%,100%
Tjalka Wara,Twelve Mile,"12 Mile, Tjalkliwarra, Tjalku Wara",Town Based Community or Reserve,Unoccupied,Tjalku Wara Community Incorporated,0,Port Hedland,Pippingarra,Pilbara,Very Remote,0,0,0,0,0,0,0,0,0,0,#DIV/0!,#DIV/0!,#DIV/0!,#DIV/0!,#DIV/0!,#DIV/0!,#DIV/0!,#DIV/0!,#DIV/0!,#DIV/0!
Wanarn,,Wannan,Remote Aboriginal Community,Permanent,Wanarn Community (Aboriginal Corporation),142,Ngaanyatjarraku,Ngaanyatjarra-Giles,Goldfields - Esperance,Very Remote,0,0,0,0,0,0,0,92,0,0,0%,0%,0%,0%,0%,0%,0%,65%,0%,0%
Pandanus Park,Yurmulun,The Park,Remote Aboriginal Community,Permanent,Yurmulun Aboriginal Corporation,135,Derby-West Kimberley,Willare,Kimberley,Very Remote,11,0,0,0,0,0,0,0,11,4,8%,0%,0%,0%,0%,0%,0%,0%,8%,3%
Kanpa,Pira-Kata,,Remote Aboriginal Community,Permanent,Pira-Kata Aboriginal Corporation,18,Ngaanyatjarraku,Gibson Desert South,Goldfields - Esperance,Very Remote,0,0,0,0,0,0,0,18,0,0,0%,0%,0%,0%,0%,0%,0%,100%,0%,0%
Punmu,Lake Dora,,Remote Aboriginal Community,Permanent,Punmu Aboriginal Corporation,145,East Pilbara,Telfer,Pilbara,Very Remote,0,0,0,0,0,0,0,130,0,0,0%,0%,0%,0%,0%,0%,0%,90%,0%,0%
Kundat Djaru,Ringer Soak,"Kundatjaru, Ringers Soak, Yaruman",Remote Aboriginal Community,Permanent,KUNDAT DJARU ABORIGINAL CORP,179,Halls Creek,Sturt Creek,Kimberley,Very Remote,68,0,0,0,0,32,0,0,4,0,38%,0%,0%,0%,0%,18%,0%,0%,2%,0%
Wandanooka,Kardaloo Farm,Kardulu Farm,Remote Aboriginal Community,Permanent,Kardaloo Aboriginal Corporation,40,Mullewa,Mullewa,Mid West,Remote,0,0,0,0,0,0,0,40,0,0,0%,0%,0%,0%,0%,0%,0%,100%,0%,0%
Kunawarritji,Well 33,"Kunawaritji, Kunawarriji",Remote Aboriginal Community,Permanent,Kunawarritji (Aboriginal Corporation),83,East Pilbara,Gibson Desert North,Pilbara,Very Remote,0,0,0,0,0,0,0,83,0,0,0%,0%,0%,0%,0%,0%,0%,100%,0%,0%
Looma,,,Remote Aboriginal Community,Permanent,Looma Community Incorporated,531,Derby-West Kimberley,Camballin,Kimberley,Very Remote,67,0,0,0,0,9,0,0,4,231,13%,0%,0%,0%,0%,2%,0%,0%,1%,44%
Djoodood,Steel Star,,Remote Aboriginal Community,Seasonal,Djoodood Aboriginal Corporation,0,Broome,Dampier Peninsula,Kimberley,Very Remote,0,0,0,0,0,0,0,0,0,0,#DIV/0!,#DIV/0!,#DIV/0!,#DIV/0!,#DIV/0!,#DIV/0!,#DIV/0!,#DIV/0!,#DIV/0!,#DIV/0!
Cheeditha,Roebourne Town Reserve,,Town Based Community or Reserve,Permanent,Cheeditha Group Aboriginal Corporation,65,Roebourne,Roebourne,Pilbara,Very Remote,0,0,0,0,0,0,0,0,0,65,0%,0%,0%,0%,0%,0%,0%,0%,0%,100%
,,,,,,,,,,,,,,,,,,,,,,,,,,,,,,
,,,,,,,,,,,,,,,,,,,,,,,,,,,,,,
,,,,,,,,,,,,,,,,,,,,,,,,,,,,,,